trial	x	y	L Validity	time
1	1382.22	449.31	1	4
1	1381.95	448.28	1	8
1	1383.32	449.62	1	12
1	1384.05	450.39	1	16
1	1384.01	450.87	1	20
1	1383.97	450.49	1	24
1	1383.77	452.52	1	28
1	1383.04	453.46	1	32
1	1379.92	454.21	1	36
1	1380.5	455.25	1	40
1	1378.7	455.21	1	44
1	1377.16	458.29	1	48
1	1372.96	458.9	1	52
1	1372.4	457.74	1	56
1	1371.6	459.73	1	60
1	1369.94	461.34	1	64
1	1369.91	463.68	1	68
1	1368.74	464.22	1	72
1	1367.74	464.87	1	76
1	1367	465.97	1	80
1	1362.83	466.03	1	84
1	1361.95	469.49	1	88
1	1359.73	470.14	1	92
1	1359.7	472.92	1	96
1	1357.41	474.35	1	100
1	1356.45	477.01	1	104
1	1356.98	477.8	1	108
1	1354.81	478.63	1	112
1	1354.01	480.07	1	116
1	1353.89	481.48	1	120
1	1352.65	482.09	1	124
1	1353.47	483.64	1	128
1	1351.99	483.66	1	132
1	1352.63	483.39	1	136
1	1353.02	483.27	1	140
1	1353.22	483.76	1	144
1	1353.57	483.21	1	148
1	1352.66	483.83	1	152
1	1352.16	483.18	1	156
1	1354.12	482.44	1	160
1	1353.01	482.94	1	164
1	1353.08	481.57	1	168
1	1353.89	481.06	1	172
1	1354.07	482	1	176
1	1353.72	480.95	1	180
1	1354.18	480.07	1	184
1	1355.17	477.48	1	188
1	1355.62	477.74	1	192
1	1354.12	475.77	1	196
1	1354.59	475.13	1	200
1	1354.75	475.66	1	204
1	1354.19	473.66	1	208
1	1355.29	474.92	1	212
1	1354.1	475.43	1	216
1	1336.51	473.84	1	220
1	1267.35	467.59	1	224
1	1183.95	449.18	1	228
1	1130.14	419.58	1	232
1	1096.58	395.59	1	236
1	1048.06	394.13	1	240
1	983.15	385.83	1	244
1	953.66	377.69	1	248
1	912	370.38	1	252
1	876.55	360.71	1	256
1	851.44	358.6	1	260
1	848.06	350.85	1	264
1	849.84	348.47	1	268
1	848.34	346.11	1	272
1	846.08	345.77	1	276
1	844.26	341.13	1	280
1	842.64	340.63	1	284
1	841.38	338.25	1	288
1	844.12	337.57	1	292
1	842.08	335.77	1	296
1	841.87	335.01	1	300
1	842.9	334.77	1	304
1	843.23	334.81	1	308
1	842.88	336.07	1	312
1	840.73	336.76	1	316
1	842.16	337.23	1	320
1	842.41	337.01	1	324
1	841.77	337.37	1	328
1	842.85	339.12	1	332
1	840.61	337.89	1	336
1	841.09	338.68	1	340
1	841.11	339.63	1	344
1	839.53	339.12	1	348
1	840.85	340.35	1	352
1	839.88	339.9	1	356
1	840.82	338.25	1	360
1	840.3	339.06	1	364
1	840.35	339.38	1	368
1	840.13	337.77	1	372
1	840.26	337.4	1	376
1	840	336.79	1	380
1	839.59	337.36	1	384
1	837.98	337.19	1	388
1	838.21	336.05	1	392
1	837.77	337.45	1	396
1	837.65	338.97	1	400
1	836.76	338.68	1	404
1	835.65	338.85	1	408
1	827.9	335.82	1	412
1	801.31	325.23	1	416
1	763.76	302.19	1	420
1	744.92	278.73	1	424
1	735.26	273.64	1	428
1	726.84	258.82	1	432
1	717.18	247.79	1	436
1	707.6	246.01	1	440
1	702.95	241.98	1	444
1	702.41	240.82	1	448
1	703.55	236.49	1	452
1	700.03	231.22	1	456
1	696.83	232.83	1	460
1	693.99	231.42	1	464
1	694.16	226.37	1	468
1	691.96	224.51	1	472
1	689.65	222.99	1	476
1	689.07	221.72	1	480
1	688.1	218.25	1	484
1	688.51	218.51	1	488
1	687.81	217.44	1	492
1	686.13	218.21	1	496
1	685.64	218.02	1	500
1	686.47	217.31	1	504
1	687.09	216.2	1	508
1	686.32	216.74	1	512
1	686.3	215.94	1	516
1	686	214.95	1	520
1	685.03	216.23	1	524
1	686.16	216.73	1	528
1	685.25	217.84	1	532
1	685.97	216.47	1	536
1	687.39	215.72	1	540
1	688.07	215.96	1	544
1	688.65	215.48	1	548
1	688.98	215.05	1	552
1	687.67	214.25	1	556
1	687.61	215.97	1	560
1	688.37	217.35	1	564
1	689.01	215.82	1	568
1	688.81	215.54	1	572
1	690.24	213.92	1	576
1	688.81	214.51	1	580
1	688.78	214.61	1	584
1	687.37	214.43	1	588
1	687.5	214.15	1	592
1	686.54	216.03	1	596
1	687.82	215.94	1	600
1	687.46	215	1	604
1	686.41	213.88	1	608
1	686.76	214.16	1	612
1	685.88	213.93	1	616
1	685.56	213.78	1	620
1	685.28	214.9	1	624
1	684.32	214.99	1	628
1	684.36	213.86	1	632
1	683.07	214.19	1	636
1	683.49	214.6	1	640
1	682.11	214.63	1	644
1	680.83	214.08	1	648
1	682.07	215.47	1	652
1	680.22	214.42	1	656
1	680.12	214.84	1	660
1	678.08	215.12	1	664
1	674.06	212.76	1	668
1	666.28	212.21	1	672
1	648.77	210.71	1	676
1	645.18	209.26	1	680
1	632.75	207.35	1	684
1	627.68	204.28	1	688
1	636.12	201.66	1	692
1	625.59	198.48	1	696
1	623.81	197.98	1	700
1	623.43	196.31	1	704
1	619.68	193.86	1	708
1	617.29	192.91	1	712
1	616.48	191.72	1	716
1	615.73	191.43	1	720
1	614.41	190.59	1	724
1	616.2	190.9	1	728
1	615.31	189.87	1	732
1	613.31	191.13	1	736
1	612.84	191.31	1	740
1	612.62	191.13	1	744
1	611.9	190.95	1	748
1	612.44	191.24	1	752
1	610.81	191.3	1	756
1	610.14	191.71	1	760
1	608.92	189.73	1	764
1	607.75	187.82	1	768
1	608.04	186.9	1	772
1	606.5	186.28	1	776
1	607.02	183.02	1	780
1	606.51	182.18	1	784
1	0	0	0	788
1	607.13	180.74	1	792
1	606.02	182.75	1	796
1	606.73	182.5	1	800
1	606.13	181.84	1	804
1	606.69	179.69	1	808
1	606.79	180.19	1	812
1	606.42	181	1	816
1	608.33	181.33	1	820
1	608.64	181.23	1	824
1	607.84	182.26	1	828
1	609.66	182.7	1	832
1	609.7	183.56	1	836
1	607.67	184.85	1	840
1	607.84	184.5	1	844
1	608.16	184.9	1	848
1	608.33	184.65	1	852
1	607.72	185.87	1	856
1	607.81	185.68	1	860
1	607.99	185.31	1	864
1	607.82	185.68	1	868
1	607.91	185.38	1	872
1	607.97	185.53	1	876
1	607.33	185.45	1	880
1	608.63	185.34	1	884
1	609.09	184.52	1	888
1	609.63	184.11	1	892
1	608.03	185.76	1	896
1	610.18	183.9	1	900
1	610.06	183.59	1	904
1	609.8	183.99	1	908
1	610.17	183.07	1	912
1	609.69	182.21	1	916
1	608.73	181.02	1	920
1	609.72	180.16	1	924
1	614.23	178.98	1	928
1	623.17	177.93	1	932
1	651.83	175.5	1	936
1	670.61	172.73	1	940
1	680.92	172.66	1	944
1	687.73	171.61	1	948
1	687.92	171.3	1	952
1	693.63	169.83	1	956
1	693.82	170.67	1	960
1	696.46	171.06	1	964
1	699.8	171.41	1	968
1	698.91	171.85	1	972
1	701.92	173.21	1	976
1	703.39	173.72	1	980
1	704.08	175.89	1	984
1	705.44	176.35	1	988
1	705.51	176.9	1	992
1	707.07	178.07	1	996
1	708.14	178.78	1	1000
1	707.46	179.77	1	1004
1	709.37	180.05	1	1008
1	709.08	180.42	1	1012
1	707.79	180.06	1	1016
1	708.07	182.09	1	1020
1	707.19	184.37	1	1024
1	707.35	185.08	1	1028
1	708.85	188.38	1	1032
1	709.2	187.57	1	1036
1	710.19	186.76	1	1040
1	708.05	188.83	1	1044
1	709.88	187.69	1	1048
1	710.39	185.2	1	1052
1	708.33	188.55	1	1056
1	709.91	189.43	1	1060
1	711.71	187.96	1	1064
1	711.64	187.05	1	1068
1	713.73	186.43	1	1072
1	715.85	185.32	1	1076
1	714.08	184.51	1	1080
1	713.46	184.36	1	1084
1	713.49	184.52	1	1088
1	713.27	182.73	1	1092
1	712.53	184.16	1	1096
1	713.29	182.63	1	1100
1	711.61	183.37	1	1104
1	711.08	182.09	1	1108
1	712.18	182.3	1	1112
1	709.79	181.61	1	1116
1	708.77	180.51	1	1120
1	708.14	180.75	1	1124
1	707.36	181.6	1	1128
1	709.22	179.96	1	1132
1	708.11	180	1	1136
1	708.5	181.52	1	1140
1	708.77	181.26	1	1144
1	710.2	179.66	1	1148
1	710.36	179.71	1	1152
1	710.8	179.81	1	1156
1	713.71	178.11	1	1160
1	720.38	177.51	1	1164
1	726.95	174.87	1	1168
1	727.09	175.62	1	1172
1	728.68	174.47	1	1176
1	733.12	173.49	1	1180
1	733.93	171.74	1	1184
1	737.69	171.27	1	1188
1	737.25	172.39	1	1192
1	739.24	172.23	1	1196
1	740.98	171.02	1	1200
1	740.72	170.66	1	1204
1	740.32	171.18	1	1208
1	739.23	171.75	1	1212
1	740.49	170.54	1	1216
1	0	0	0	1220
1	740.83	171.68	1	1224
1	739.46	171.8	1	1228
1	739.32	170.92	1	1232
1	738.64	170.98	1	1236
1	737.96	169.84	1	1240
1	738.11	169.3	1	1244
1	740.62	168.21	1	1248
1	738.46	167.79	1	1252
1	739.93	167.78	1	1256
1	741.86	167.74	1	1260
1	739.63	166.58	1	1264
1	738.66	165.57	1	1268
1	739.94	165.14	1	1272
1	739.95	165	1	1276
1	742.59	165.33	1	1280
1	741.07	165.48	1	1284
1	742.06	165.19	1	1288
1	741.48	165.6	1	1292
1	742.07	166.09	1	1296
1	742.08	165.58	1	1300
1	741.56	166.61	1	1304
1	740.68	166	1	1308
1	740.86	166.87	1	1312
1	740.02	166.92	1	1316
1	739.91	166.82	1	1320
1	738.85	168	1	1324
1	740.3	168	1	1328
1	740.43	166.52	1	1332
1	739.14	169.03	1	1336
1	739.61	168.55	1	1340
1	740.26	169.13	1	1344
1	738.62	169.39	1	1348
1	739.05	170.78	1	1352
1	740.08	171.33	1	1356
1	740.83	171.36	1	1360
1	740.87	171.58	1	1364
1	742.48	171.71	1	1368
1	742.66	172.59	1	1372
1	742.55	173.38	1	1376
1	743.1	172.98	1	1380
1	742.71	173.25	1	1384
1	739.78	150.29	1	1388
1	743.08	173.53	1	1392
1	742.91	173.73	1	1396
1	739.99	174.98	1	1400
1	734.55	176.71	1	1404
1	718.72	181.57	1	1408
1	706.52	185.84	1	1412
1	699.25	189.1	1	1416
1	697.13	191.49	1	1420
1	698.3	195.47	1	1424
1	698.93	196.54	1	1428
1	699.55	199.8	1	1432
1	694.6	201.48	1	1436
1	690.89	201.08	1	1440
1	689.78	202.55	1	1444
1	688.48	203.34	1	1448
1	687.99	202.05	1	1452
1	690.08	201.42	1	1456
1	691.42	200.66	1	1460
1	691.7	199.99	1	1464
1	692.06	199.41	1	1468
1	691.38	199.76	1	1472
1	687.17	199.69	1	1476
1	685.28	200.15	1	1480
1	682.4	200.45	1	1484
1	681.47	201.1	1	1488
1	676.62	200.92	1	1492
1	678.17	201.52	1	1496
1	681.57	201.42	1	1500
1	679.72	201.41	1	1504
1	681.51	201.1	1	1508
1	682.31	201.2	1	1512
1	681.36	201.05	1	1516
1	684.88	201.03	1	1520
1	686.19	199.65	1	1524
1	686.88	199.93	1	1528
1	687.28	199.45	1	1532
1	688.67	201.74	1	1536
1	690	201.33	1	1540
1	690.24	201.24	1	1544
1	690.14	202.63	1	1548
1	690.33	205.03	1	1552
1	690.02	204.77	1	1556
1	691.28	206.51	1	1560
1	690.23	207.67	1	1564
1	690.67	208.87	1	1568
1	691.05	211.01	1	1572
1	692.46	213.31	1	1576
1	692.57	212.69	1	1580
1	694.38	211.66	1	1584
1	693.23	212.74	1	1588
1	691.04	213.51	1	1592
1	691.59	212.98	1	1596
1	692.45	213.87	1	1600
1	692.41	212.98	1	1604
1	692.33	209.46	1	1608
1	690.5	209.7	1	1612
1	689.45	206.96	1	1616
1	688.1	206.32	1	1620
1	686.57	204.9	1	1624
1	684.19	204.27	1	1628
1	684.54	205.38	1	1632
1	685.98	203.93	1	1636
1	685.97	203.74	1	1640
1	686.93	202.41	1	1644
1	685.73	202.06	1	1648
1	685.12	203.09	1	1652
1	685.71	203.23	1	1656
1	685.97	204.03	1	1660
1	685.97	203.68	1	1664
1	687.79	204.53	1	1668
1	686.11	205.38	1	1672
1	686.9	204.34	1	1676
1	685.68	203.92	1	1680
1	686.95	203.62	1	1684
1	692.82	204.83	1	1688
1	722.78	205.43	1	1692
1	742.43	205.23	1	1696
1	761.58	207.27	1	1700
1	772.42	207.49	1	1704
1	777.09	208.7	1	1708
1	781.46	208.83	1	1712
1	781.51	208.71	1	1716
1	781.1	209.41	1	1720
1	780.55	209.86	1	1724
1	782.31	210.14	1	1728
1	783.75	209.74	1	1732
1	786.63	209.73	1	1736
1	788.59	209.03	1	1740
1	789.52	209.98	1	1744
1	790.57	208.64	1	1748
1	789.86	209.99	1	1752
1	789.39	210.97	1	1756
1	790.33	211.08	1	1760
1	790.99	210.23	1	1764
1	791.79	212.57	1	1768
1	792.12	212.46	1	1772
1	791.39	212.85	1	1776
1	792.07	212.33	1	1780
1	791.48	213.29	1	1784
1	792.05	212.2	1	1788
1	792.09	214.5	1	1792
1	791.93	215.59	1	1796
1	792.93	214.69	1	1800
1	792.07	216.38	1	1804
1	794.21	216.51	1	1808
1	795.15	216.07	1	1812
1	796.3	215.66	1	1816
1	794.99	215.33	1	1820
1	796.12	217.31	1	1824
1	797.38	216.11	1	1828
1	796.04	216.22	1	1832
1	794	218.51	1	1836
1	793.36	217.22	1	1840
1	793.31	220.02	1	1844
1	793.41	220.18	1	1848
1	791.92	221.1	1	1852
1	792.08	221.67	1	1856
1	791.27	222.98	1	1860
1	791.43	224.95	1	1864
1	790.9	223.96	1	1868
1	788.57	225.1	1	1872
1	789.68	226.51	1	1876
1	790.44	226.39	1	1880
1	794.06	227.39	1	1884
1	804.21	225.73	1	1888
1	816.54	225.48	1	1892
1	832.05	224.52	1	1896
1	843.64	224.32	1	1900
1	847.12	221.07	1	1904
1	857.67	220.37	1	1908
1	860.72	220.02	1	1912
1	862.31	217.1	1	1916
1	863.4	218.69	1	1920
1	866.97	217.07	1	1924
1	866.88	216.09	1	1928
1	869.62	217.59	1	1932
1	872.46	217.02	1	1936
1	874.36	217.94	1	1940
1	874.71	219.12	1	1944
1	876.2	220.9	1	1948
1	875.99	221.85	1	1952
1	875.53	220.75	1	1956
1	875.06	222.9	1	1960
1	875.48	223.47	1	1964
1	875.23	224.18	1	1968
1	876.29	223.34	1	1972
1	876.65	222.71	1	1976
1	875.68	222.72	1	1980
1	875.08	222.25	1	1984
1	875.45	222.39	1	1988
1	875.96	222.33	1	1992
1	876.7	223.02	1	1996
1	876.94	222.34	1	2000
1	876.52	221.86	1	2004
1	876.61	223.09	1	2008
1	876.54	223.37	1	2012
1	876.08	223.64	1	2016
1	877.15	223.78	1	2020
1	876.65	223.78	1	2024
1	878.15	224.93	1	2028
1	878.01	223.22	1	2032
1	877.64	223.9	1	2036
1	878.1	223.4	1	2040
1	878.61	224.5	1	2044
1	878.47	224.66	1	2048
1	879.35	222.99	1	2052
1	879.66	222.31	1	2056
1	880.34	221.66	1	2060
1	878.89	220.69	1	2064
1	880.63	220.77	1	2068
1	879.19	219.9	1	2072
1	880.12	220.47	1	2076
1	879.17	219.54	1	2080
1	878.71	219.65	1	2084
1	879.19	219.06	1	2088
1	879.54	218.13	1	2092
1	879.38	218.67	1	2096
1	879.04	218.88	1	2100
1	878.06	218.73	1	2104
1	878.33	219.41	1	2108
1	877.26	220.27	1	2112
1	877.41	219.95	1	2116
1	876.84	219.54	1	2120
1	878.8	219.03	1	2124
1	879.42	218.89	1	2128
1	879.83	218.49	1	2132
1	880.33	216.46	1	2136
1	878.76	217.15	1	2140
1	878.6	216.62	1	2144
1	879.15	217.54	1	2148
1	884.75	216.75	1	2152
1	892.05	217.13	1	2156
1	900.11	217.66	1	2160
1	908.32	218.59	1	2164
1	905.51	219.36	1	2168
1	913.67	220.31	1	2172
1	920.39	220.51	1	2176
1	925.71	223.38	1	2180
1	924.77	223.83	1	2184
1	927.18	224.55	1	2188
1	927.23	224.99	1	2192
1	927.84	226.54	1	2196
1	928.78	226.09	1	2200
1	928.84	226.35	1	2204
1	927.13	226.83	1	2208
1	927.93	226.11	1	2212
1	930.01	224.36	1	2216
1	931.38	225.24	1	2220
1	930.47	223.46	1	2224
1	929.53	224.33	1	2228
1	930	223.46	1	2232
1	929.84	222.51	1	2236
1	929.4	223.89	1	2240
1	930.63	223.24	1	2244
1	929.87	223.33	1	2248
1	930.29	223.21	1	2252
1	931.25	224.53	1	2256
1	931.37	227.68	1	2260
1	930.07	226.01	1	2264
1	930.59	226.47	1	2268
1	930.82	225.82	1	2272
1	931.25	226.55	1	2276
1	931.25	227.77	1	2280
1	932.02	227.29	1	2284
1	930.81	227.88	1	2288
1	931.73	228.65	1	2292
1	930.16	228.99	1	2296
1	929.69	230.53	1	2300
1	929.4	231.42	1	2304
1	928.14	231.18	1	2308
1	927.74	231.33	1	2312
1	928.65	232.06	1	2316
1	927.85	231.77	1	2320
1	927.65	232.43	1	2324
1	927.06	232.06	1	2328
1	927.76	232.13	1	2332
1	927.28	232.18	1	2336
1	928.47	233.13	1	2340
1	929.33	232.07	1	2344
1	927.6	231.63	1	2348
1	928.54	231.7	1	2352
1	928.01	232.36	1	2356
1	927.71	233.19	1	2360
1	927.67	234.28	1	2364
1	929.26	234.64	1	2368
1	929.65	236.36	1	2372
1	929.22	236.25	1	2376
1	930.67	238	1	2380
1	929.31	237.66	1	2384
1	927.79	237.89	1	2388
1	930.28	238.26	1	2392
1	930.32	238.43	1	2396
1	931.53	238.13	1	2400
1	931.77	239.37	1	2404
1	931.11	238.46	1	2408
1	930.57	239.43	1	2412
1	930.43	236.08	1	2416
1	930.52	239.59	1	2420
1	929.37	237.18	1	2424
1	928.65	237.65	1	2428
1	925.59	238.4	1	2432
1	885.52	242.05	1	2436
1	851.52	242.3	1	2440
1	825.42	242.53	1	2444
1	789.16	244.22	1	2448
1	767.94	245.68	1	2452
1	753.9	248.23	1	2456
1	734.35	251.01	1	2460
1	721.39	252.3	1	2464
1	716.34	253.95	1	2468
1	715.79	256.83	1	2472
1	711.24	257.16	1	2476
1	716.61	255.98	1	2480
1	716.91	253.88	1	2484
1	713.87	254.17	1	2488
1	713.45	252.38	1	2492
1	711.31	252.56	1	2496
1	709.34	251.02	1	2500
1	708.57	247.66	1	2504
1	709.5	247.38	1	2508
1	708.89	247.5	1	2512
1	709.03	244.67	1	2516
1	708.92	246.93	1	2520
1	707.74	244.9	1	2524
1	707.1	246.77	1	2528
1	706.15	248.09	1	2532
1	704.13	248.1	1	2536
1	703.29	248.86	1	2540
1	704.46	248.8	1	2544
1	704.33	250.27	1	2548
1	704.08	251.01	1	2552
1	704.27	251.43	1	2556
1	703.8	251.74	1	2560
1	703.35	250.3	1	2564
1	704	251.5	1	2568
1	701.58	250.67	1	2572
1	701.74	250.63	1	2576
1	701.92	250.64	1	2580
1	703.13	250.41	1	2584
1	703	250.9	1	2588
1	701.75	251.23	1	2592
1	701.56	250.99	1	2596
1	701.21	251.64	1	2600
1	701.46	251.43	1	2604
1	701.05	252.62	1	2608
1	700.3	252.22	1	2612
1	700.35	252.51	1	2616
1	700.51	252.16	1	2620
1	700.79	252.31	1	2624
1	700.2	253.03	1	2628
1	700.35	252.95	1	2632
1	699.95	253.29	1	2636
1	700.62	252.77	1	2640
1	701.48	253.52	1	2644
1	701.46	253.63	1	2648
1	702.74	253.4	1	2652
1	702.48	253.27	1	2656
1	704.69	252.46	1	2660
1	704.88	252.43	1	2664
1	705.15	253.47	1	2668
1	703.72	252.6	1	2672
1	704.43	252.35	1	2676
1	705.17	250.99	1	2680
1	704.25	252.39	1	2684
1	700.57	250.53	1	2688
1	700.2	249.76	1	2692
1	693.88	249.46	1	2696
1	690.62	249.93	1	2700
1	688.27	249.66	1	2704
1	686.78	250.86	1	2708
1	683.15	250.76	1	2712
1	681.57	252.47	1	2716
1	678.74	253.23	1	2720
1	674.37	254.18	1	2724
1	674.04	254.29	1	2728
1	673.36	255.04	1	2732
1	672.09	255.85	1	2736
1	673.3	256.15	1	2740
1	673.7	255.74	1	2744
1	672.39	255.94	1	2748
1	671.52	255.18	1	2752
1	672.97	255.26	1	2756
1	670.99	255.18	1	2760
1	672.33	255.55	1	2764
1	672.76	255.79	1	2768
1	672.58	256.43	1	2772
1	672.66	257.01	1	2776
1	672.22	256.77	1	2780
1	672.15	257.8	1	2784
1	672.66	259.13	1	2788
1	671.3	259.54	1	2792
1	672.61	260.13	1	2796
1	673.1	260.81	1	2800
1	673.42	258.7	1	2804
1	674.85	258.77	1	2808
1	674.31	258.47	1	2812
1	676.29	256.92	1	2816
1	674.94	256.35	1	2820
1	675.79	256.72	1	2824
1	676.11	254.79	1	2828
1	674.26	253.93	1	2832
1	676.52	253.14	1	2836
1	674.46	252.49	1	2840
1	672.95	251.33	1	2844
1	673.73	252.07	1	2848
1	672.44	251.06	1	2852
1	671.54	252.18	1	2856
1	671.6	251.18	1	2860
1	670.57	251.03	1	2864
1	671.54	250.37	1	2868
1	670.47	249.54	1	2872
1	672.82	247.3	1	2876
1	675.27	242.01	1	2880
1	679.35	232.64	1	2884
1	682.7	231.98	1	2888
1	685.92	227.3	1	2892
1	687.23	225.52	1	2896
1	690.49	223.36	1	2900
1	691.86	221.18	1	2904
1	694.7	220.02	1	2908
1	695.73	218.73	1	2912
1	697.91	216.88	1	2916
1	698.47	216.72	1	2920
1	698.56	217.74	1	2924
1	699.01	217.92	1	2928
1	700.37	218.75	1	2932
1	699.37	219.3	1	2936
1	700.85	221.71	1	2940
1	700.62	221.88	1	2944
1	700	222.87	1	2948
1	701.27	223.61	1	2952
1	700.37	222.43	1	2956
1	702.17	222.55	1	2960
1	701.45	222.87	1	2964
1	703.12	221.33	1	2968
1	702.63	220.88	1	2972
1	702.22	220.08	1	2976
1	702.19	219.66	1	2980
1	699.83	218.98	1	2984
1	699.76	218.45	1	2988
1	699.95	217.75	1	2992
1	698.58	217.7	1	2996
1	698.72	217.85	1	3000
1	696.8	219.16	1	3004
1	697.85	218.29	1	3008
1	696.69	219.06	1	3012
1	697.02	219.61	1	3016
1	696.91	220.39	1	3020
1	696.37	219.71	1	3024
1	697.11	220.16	1	3028
1	697.49	220.52	1	3032
1	697.51	219.62	1	3036
1	699.06	218.93	1	3040
1	703.59	219.08	1	3044
1	710.58	219.02	1	3048
1	725.57	219.02	1	3052
1	729.89	218.59	1	3056
1	735.1	216.5	1	3060
1	737.65	215.58	1	3064
1	738.96	216.76	1	3068
1	742.42	215.49	1	3072
1	745.26	215.33	1	3076
1	745.58	215.66	1	3080
1	746.97	217.42	1	3084
1	748.99	216.53	1	3088
1	749.03	217.45	1	3092
1	748.85	217.11	1	3096
1	748.77	219.35	1	3100
1	748.08	219.6	1	3104
1	748.23	220.71	1	3108
1	748.26	220.91	1	3112
1	748.39	222.43	1	3116
1	748.7	223.23	1	3120
1	747.5	224.42	1	3124
1	749.32	224.49	1	3128
1	748.58	224.28	1	3132
1	748.4	225.3	1	3136
1	748.42	226.83	1	3140
1	750.06	227.61	1	3144
1	750.65	234.34	1	3148
1	751.58	236.15	1	3152
1	0	0	0	3156
1	0	0	0	3160
1	0	0	0	3164
1	0	0	0	3168
1	0	0	0	3172
1	0	0	0	3176
1	0	0	0	3180
1	0	0	0	3184
1	0	0	0	3188
1	0	0	0	3192
1	0	0	0	3196
1	0	0	0	3200
1	0	0	0	3204
1	0	0	0	3208
1	0	0	0	3212
1	0	0	0	3216
1	0	0	0	3220
1	0	0	0	3224
1	0	0	0	3228
1	0	0	0	3232
1	0	0	0	3236
1	0	0	0	3240
1	0	0	0	3244
1	0	0	0	3248
1	0	0	0	3252
1	0	0	0	3256
1	0	0	0	3260
1	0	0	0	3264
1	0	0	0	3268
1	0	0	0	3272
1	0	0	0	3276
1	752.12	226.72	1	3280
1	751.43	228.58	1	3284
1	751.22	228.09	1	3288
1	749.98	224.47	1	3292
1	748.16	224.05	1	3296
1	748.33	225.63	1	3300
1	747.46	225.29	1	3304
1	747.92	227.5	1	3308
1	746.46	226.87	1	3312
1	743.68	228.8	1	3316
1	743.85	225.9	1	3320
1	741.71	227.24	1	3324
1	739.92	229	1	3328
1	740.87	229.19	1	3332
1	739.88	232.02	1	3336
1	739.77	233.31	1	3340
1	739.27	233.47	1	3344
1	738.67	234.23	1	3348
1	737.64	233.37	1	3352
1	737.96	233.62	1	3356
1	737.33	234.01	1	3360
1	736.45	234.7	1	3364
1	735.77	235.19	1	3368
1	736.42	235.33	1	3372
1	735.82	237.15	1	3376
1	735.62	236.36	1	3380
1	735.09	237.04	1	3384
1	735.82	236.5	1	3388
1	736.53	237.87	1	3392
1	737.01	238.65	1	3396
1	736.08	238.62	1	3400
1	736.48	238.16	1	3404
1	738.14	237.28	1	3408
1	737.76	237.84	1	3412
1	737.53	237.66	1	3416
1	738.55	236.95	1	3420
1	738.39	236.54	1	3424
1	739.46	236	1	3428
1	739.04	236.43	1	3432
1	739.34	234.77	1	3436
1	738.65	234.25	1	3440
1	738.46	234.93	1	3444
1	738.93	235.46	1	3448
1	738.32	236.42	1	3452
1	739.11	234.93	1	3456
1	739.31	234.36	1	3460
1	738.23	234.18	1	3464
1	737.51	233.7	1	3468
1	737.58	233.59	1	3472
1	736.86	233.01	1	3476
1	736.96	233.19	1	3480
1	736.9	233.49	1	3484
1	737.62	232.43	1	3488
1	738.18	230.91	1	3492
1	737.64	230.76	1	3496
1	738.23	231.17	1	3500
1	738.27	231.98	1	3504
1	738.28	230.64	1	3508
1	738.41	231.24	1	3512
1	739.24	230.44	1	3516
1	739.4	229.63	1	3520
1	739.21	229.91	1	3524
1	740.04	228.11	1	3528
1	739.56	227.73	1	3532
1	739.9	229.02	1	3536
1	740.53	227.81	1	3540
1	740	228.98	1	3544
1	739.88	228.42	1	3548
1	740.5	229.27	1	3552
1	741.29	229.29	1	3556
1	740.3	229.52	1	3560
1	740.75	230.41	1	3564
1	740.95	230.39	1	3568
1	740.02	231.64	1	3572
1	741.35	231.71	1	3576
1	740.24	231.71	1	3580
1	739.21	231.41	1	3584
1	739.3	231.22	1	3588
1	738.54	230.44	1	3592
1	738.24	231.38	1	3596
1	738.26	230.04	1	3600
1	737.35	230.56	1	3604
1	737.67	230.04	1	3608
1	737.19	229.26	1	3612
1	737.43	229.09	1	3616
1	736.89	228.93	1	3620
1	737.12	228.67	1	3624
1	737.98	229.86	1	3628
1	737.38	230.98	1	3632
1	737.55	230.84	1	3636
1	737.55	230.36	1	3640
1	736.54	232.18	1	3644
1	735.78	232.81	1	3648
1	735.25	234.22	1	3652
1	734.69	235.58	1	3656
1	734.75	237.18	1	3660
1	734.59	237.96	1	3664
1	734.46	238.43	1	3668
1	734.02	238.81	1	3672
1	734.32	238.35	1	3676
1	734.64	239.05	1	3680
1	735.35	240.3	1	3684
1	735.54	239.79	1	3688
1	736.1	239.89	1	3692
1	737.34	238.28	1	3696
1	738.7	238.97	1	3700
1	744.23	238.65	1	3704
1	755.88	238.97	1	3708
1	761.16	239.02	1	3712
1	763.82	238.28	1	3716
1	765.49	238.11	1	3720
1	766.84	238.67	1	3724
1	772.27	238.95	1	3728
1	770.45	236.68	1	3732
1	774.37	236.21	1	3736
1	776.5	234.67	1	3740
1	778.77	232.93	1	3744
1	778.9	231.59	1	3748
1	778.1	230.22	1	3752
1	777.18	229.29	1	3756
1	776.02	229.46	1	3760
1	774.35	228.46	1	3764
1	774.26	227.79	1	3768
1	772.01	226.48	1	3772
1	773.4	227.41	1	3776
1	773.05	226.92	1	3780
1	773.52	228.82	1	3784
1	773.65	230.56	1	3788
1	772.84	231.13	1	3792
1	773.91	232.31	1	3796
1	775.94	233.6	1	3800
1	775.56	232.32	1	3804
1	776.92	234.02	1	3808
1	777.91	234.21	1	3812
1	777.32	236.54	1	3816
1	777.8	236.82	1	3820
1	779.02	237.44	1	3824
1	778.1	238.29	1	3828
1	778.33	238.43	1	3832
1	778.99	238.23	1	3836
1	778.01	236.68	1	3840
1	776.82	235.98	1	3844
1	776.45	237.64	1	3848
1	776.77	236.1	1	3852
1	778.22	236.85	1	3856
1	779.06	234.43	1	3860
1	779.61	234.89	1	3864
1	778.9	234.03	1	3868
1	780.44	232.29	1	3872
1	780.2	231.18	1	3876
1	779.55	232.34	1	3880
1	779.8	233.05	1	3884
1	778.93	233.07	1	3888
1	779.1	231.67	1	3892
1	778.19	229.82	1	3896
1	776.94	229.19	1	3900
1	777.88	229.98	1	3904
1	776.21	228.68	1	3908
1	778.63	229.02	1	3912
1	777.44	228.13	1	3916
1	778.31	228.56	1	3920
1	778.63	226.61	1	3924
1	779.04	225.68	1	3928
1	780.37	225.01	1	3932
1	781.37	224.26	1	3936
1	782.85	224.33	1	3940
1	783.33	223.95	1	3944
1	784.13	223.71	1	3948
1	785.35	223.49	1	3952
1	784.17	222.29	1	3956
1	783.45	220.25	1	3960
1	783.73	218.69	1	3964
1	785.65	217.14	1	3968
1	783.87	215.47	1	3972
1	784.1	213.38	1	3976
1	784.37	212.31	1	3980
1	784.41	211.16	1	3984
1	785.55	208.77	1	3988
1	786.88	208.71	1	3992
1	787.51	207.01	1	3996
1	788.85	203.41	1	4000
1	790.98	201.91	1	4004
1	789.58	200.44	1	4008
1	790.55	201.45	1	4012
1	791.8	200.33	1	4016
1	789.54	201.94	1	4020
1	773.23	205.12	1	4024
1	756.52	207.22	1	4028
1	735.96	210.39	1	4032
1	733.66	210.6	1	4036
1	733.27	217.55	1	4040
1	737.11	217.25	1	4044
1	733.08	218	1	4048
1	733.32	218.96	1	4052
1	733.69	218.99	1	4056
1	730.98	220.72	1	4060
1	728.74	222.08	1	4064
1	728.05	222.74	1	4068
1	728.37	223.88	1	4072
1	728.6	224.94	1	4076
1	729.15	225.73	1	4080
1	729.78	225.79	1	4084
1	728.7	226.18	1	4088
1	728.17	226.45	1	4092
1	728.1	227.57	1	4096
1	726.92	228.37	1	4100
1	726.48	227.98	1	4104
1	726.45	227.4	1	4108
1	725.4	226.75	1	4112
1	724.55	226.15	1	4116
1	724.7	227.41	1	4120
1	725.6	227.83	1	4124
1	724.58	228.01	1	4128
1	724.01	229.29	1	4132
1	724.58	229.78	1	4136
1	722.14	229.75	1	4140
1	721.75	228.72	1	4144
1	721.23	230.85	1	4148
1	721.81	231.74	1	4152
1	721.65	232.08	1	4156
1	721.55	231.83	1	4160
1	721.64	231.25	1	4164
1	720.15	229.64	1	4168
1	720.09	228.71	1	4172
1	720.36	227.95	1	4176
1	720.56	227.8	1	4180
1	721.54	226.27	1	4184
1	722.02	226.93	1	4188
1	722.86	226.42	1	4192
1	721.5	225.12	1	4196
1	721.67	225.78	1	4200
1	722.57	226.57	1	4204
1	721.3	227.23	1	4208
1	721.23	226.39	1	4212
1	722.6	228.77	1	4216
1	721.33	229.15	1	4220
1	719.93	229.33	1	4224
1	720.37	229.42	1	4228
1	719.42	229.6	1	4232
1	718.43	229.23	1	4236
1	719.49	231.45	1	4240
1	719.95	230.39	1	4244
1	718.19	230.12	1	4248
1	719.02	229.24	1	4252
1	720.76	231.17	1	4256
1	720.35	229.49	1	4260
1	720.02	228.94	1	4264
1	721.48	228.86	1	4268
1	720.69	229.37	1	4272
1	721.34	229.13	1	4276
1	722.32	230.05	1	4280
1	722.25	228.68	1	4284
1	721.92	229.36	1	4288
1	722.99	229.47	1	4292
1	723.77	229.93	1	4296
1	722.49	228.11	1	4300
1	724.3	228.34	1	4304
1	723.89	227.52	1	4308
1	723.9	227.03	1	4312
1	725.81	228.26	1	4316
1	725.14	227.5	1	4320
1	725.08	226.75	1	4324
1	724.67	226.93	1	4328
1	725.71	225.06	1	4332
1	725.39	225.2	1	4336
1	724.68	225.01	1	4340
1	726.41	225.43	1	4344
1	725.51	225.54	1	4348
1	725.9	225.91	1	4352
1	725.37	225.88	1	4356
1	724.75	225.39	1	4360
1	725.59	225.27	1	4364
1	729.53	225.42	1	4368
1	741.32	225.33	1	4372
1	759.46	225.48	1	4376
1	759.52	226.1	1	4380
1	768.6	227.09	1	4384
1	776.05	227.03	1	4388
1	779.34	228.01	1	4392
1	780.96	229.8	1	4396
1	782.04	229.72	1	4400
1	779.54	230	1	4404
1	781.44	230.68	1	4408
1	784.43	232.08	1	4412
1	785.43	231.94	1	4416
1	785.22	234.56	1	4420
1	785.93	233.17	1	4424
1	785.21	234.78	1	4428
1	785.31	236.18	1	4432
1	785.35	236.15	1	4436
1	784.91	235.5	1	4440
1	785.78	236.55	1	4444
1	787.13	236.75	1	4448
1	788.33	236.7	1	4452
1	787.92	236.78	1	4456
1	789.25	237.55	1	4460
1	789.69	236.96	1	4464
1	789.37	237.7	1	4468
1	790.98	237.06	1	4472
1	790.69	236.5	1	4476
1	790.25	235.69	1	4480
1	790.55	235.16	1	4484
1	790.06	235.34	1	4488
1	789.37	235.16	1	4492
1	788.47	235.6	1	4496
1	788.89	236.12	1	4500
1	788.27	236.97	1	4504
1	787.46	236.98	1	4508
1	788.34	238.04	1	4512
1	787.47	239.33	1	4516
1	786.32	238.79	1	4520
1	786.46	240.79	1	4524
1	786.02	241.67	1	4528
1	785.7	242.99	1	4532
1	785.06	243.11	1	4536
1	784.27	244.35	1	4540
1	782.05	244.65	1	4544
1	781.63	246.4	1	4548
1	782.12	246.98	1	4552
1	780.6	248.09	1	4556
1	780.95	249.31	1	4560
1	782.17	250.78	1	4564
1	782.53	251.8	1	4568
1	780.9	251.78	1	4572
1	781.59	252.67	1	4576
1	781.21	253.22	1	4580
1	782.95	252.47	1	4584
1	783.36	252.59	1	4588
1	784.63	251.49	1	4592
1	785.49	252.19	1	4596
1	785.02	251.34	1	4600
1	785.62	251.04	1	4604
1	786.26	250.75	1	4608
1	785.12	250.2	1	4612
1	787.06	250.04	1	4616
1	787.5	248.84	1	4620
1	787.08	247.2	1	4624
1	786.72	246.8	1	4628
1	786.26	247.6	1	4632
1	785.69	248	1	4636
1	785.97	245.89	1	4640
1	786.01	244.76	1	4644
1	785.84	243.8	1	4648
1	785.2	244.23	1	4652
1	785.89	243.9	1	4656
1	784.54	243.06	1	4660
1	783.83	242.92	1	4664
1	785.89	243.51	1	4668
1	787.47	244.08	1	4672
1	787.73	243.52	1	4676
1	789.44	242.7	1	4680
1	788.14	242.68	1	4684
1	788	242.22	1	4688
1	789.52	241.71	1	4692
1	790.47	240.52	1	4696
1	789.09	241.56	1	4700
1	790.75	240.9	1	4704
1	790.02	239.08	1	4708
1	787.62	238.67	1	4712
1	783.33	238.45	1	4716
1	780.94	237.8	1	4720
1	780.46	237.16	1	4724
1	780.46	236.08	1	4728
1	777.81	234.5	1	4732
1	774.48	236.17	1	4736
1	773.27	235.16	1	4740
1	773.65	235.34	1	4744
1	773.15	233.54	1	4748
1	772.44	233.33	1	4752
1	771.18	232.6	1	4756
1	772.72	231.55	1	4760
1	772.62	231.47	1	4764
1	773.21	229.99	1	4768
1	772.5	229.39	1	4772
1	772.53	228.18	1	4776
1	773.6	226.49	1	4780
1	772.54	225.97	1	4784
1	772.86	224.39	1	4788
1	772.19	224.38	1	4792
1	772.04	224.48	1	4796
1	771.9	223.42	1	4800
1	771.72	224.88	1	4804
1	771.18	224.92	1	4808
1	771.21	226.96	1	4812
1	771.79	227.12	1	4816
1	771.37	228.22	1	4820
1	772.7	229.25	1	4824
1	772.49	230.51	1	4828
1	772.57	231.89	1	4832
1	773.28	232.94	1	4836
1	773.34	234.44	1	4840
1	772.4	234.1	1	4844
1	773.19	234.29	1	4848
1	773.69	234.63	1	4852
1	773.13	234.33	1	4856
1	773.5	234.44	1	4860
1	773.76	233.23	1	4864
1	773.64	232.95	1	4868
1	773.08	233.23	1	4872
1	772.91	232.56	1	4876
1	772.72	232.9	1	4880
1	772.98	231.43	1	4884
1	773.02	231.16	1	4888
1	773.62	230.74	1	4892
1	773.25	229.67	1	4896
1	772.87	230.02	1	4900
1	772.86	229.15	1	4904
1	772.33	228.31	1	4908
1	771.67	228.49	1	4912
1	771.77	227.59	1	4916
1	772.07	229.62	1	4920
1	770.81	228.9	1	4924
1	770.42	228.93	1	4928
1	770.37	230.16	1	4932
1	769.41	230.43	1	4936
1	769.17	230.16	1	4940
1	770.17	231.54	1	4944
1	769.97	233.61	1	4948
1	769.71	234.38	1	4952
1	770.42	233.11	1	4956
1	772.23	235.79	1	4960
1	771.27	235.2	1	4964
1	772.6	235.84	1	4968
1	772.63	237.69	1	4972
1	772.25	238.98	1	4976
1	771.69	238.27	1	4980
1	771.6	238.61	1	4984
1	771.94	238.96	1	4988
1	772.8	238.56	1	4992
1	772.09	237.62	1	4996
1	772.64	236.96	1	5000
1	772.68	236.4	1	5004
1	772.49	235.49	1	5008
1	772.52	234.7	1	5012
1	772.06	232.7	1	5016
1	773.01	231.87	1	5020
1	773.12	231.61	1	5024
1	773.97	231.48	1	5028
1	774.45	230.53	1	5032
1	773.89	228.95	1	5036
1	774.75	229.03	1	5040
1	774.73	230	1	5044
1	775.68	229.68	1	5048
1	774.1	229.44	1	5052
1	773.89	229.39	1	5056
1	774.1	231.14	1	5060
1	773.32	232.37	1	5064
1	775.32	230.87	1	5068
1	775.79	231.62	1	5072
1	774.27	231.81	1	5076
1	776.1	232.41	1	5080
1	774.54	233.37	1	5084
1	773.27	234.14	1	5088
1	772.88	234.51	1	5092
1	774.31	234.69	1	5096
1	775.45	235.73	1	5100
1	775.62	234.13	1	5104
1	777.56	233.06	1	5108
1	774.84	234.96	1	5112
1	774.53	234.03	1	5116
1	774.86	234.35	1	5120
1	774.59	234.83	1	5124
1	774.5	234.93	1	5128
1	775.62	235.63	1	5132
1	774.96	235.04	1	5136
1	776.59	235.53	1	5140
1	775.3	233.2	1	5144
1	774.25	235.73	1	5148
1	773.41	235.61	1	5152
1	774.27	235.55	1	5156
1	774.11	235.73	1	5160
1	774.91	236.27	1	5164
1	774.73	235.14	1	5168
1	775.75	236.01	1	5172
1	776	236.23	1	5176
1	776.12	237.81	1	5180
1	774.86	237.66	1	5184
1	774.92	238.06	1	5188
1	776.01	236.36	1	5192
1	776.44	237.01	1	5196
1	776.82	237.19	1	5200
1	778.76	238.22	1	5204
1	782.18	238.37	1	5208
1	799.6	239.42	1	5212
1	829.46	238.98	1	5216
1	825.48	237.34	1	5220
1	831.23	236.05	1	5224
1	841.32	236.71	1	5228
1	845.1	234.87	1	5232
1	845.06	236.28	1	5236
1	848.4	235.67	1	5240
1	848.19	234.86	1	5244
1	848.94	234.56	1	5248
1	850.17	233.86	1	5252
1	850.92	232.62	1	5256
1	850.65	233.84	1	5260
1	849.84	234.26	1	5264
1	852.59	234.74	1	5268
1	851.86	234.37	1	5272
1	851.51	234.64	1	5276
1	852.31	234.32	1	5280
1	852.98	234.96	1	5284
1	851.92	235.73	1	5288
1	850.63	236.55	1	5292
1	850.37	236.8	1	5296
1	850.9	238.04	1	5300
1	850.71	238.42	1	5304
1	850.9	240.87	1	5308
1	850.28	241.4	1	5312
1	851.77	241.78	1	5316
1	853.2	242.36	1	5320
1	853.08	244.26	1	5324
1	851.14	243.97	1	5328
1	851.96	243.99	1	5332
1	852.3	245.1	1	5336
1	853.71	244.34	1	5340
1	853.76	243.91	1	5344
1	852.72	244.42	1	5348
1	852.5	242.31	1	5352
1	853.4	241.44	1	5356
1	851.64	241.11	1	5360
1	851.41	239.96	1	5364
1	851.5	238.34	1	5368
1	851.04	238.74	1	5372
1	851.55	237.72	1	5376
1	850.85	237.9	1	5380
1	850.36	236.85	1	5384
1	850.47	236.45	1	5388
1	851.55	235.06	1	5392
1	852.67	234.69	1	5396
1	852.94	235.09	1	5400
1	854.54	234.93	1	5404
1	854.2	233.9	1	5408
1	853.22	232.88	1	5412
1	853.93	233.56	1	5416
1	853.53	233.55	1	5420
1	863.63	232.06	1	5424
1	872.33	233.75	1	5428
1	885.57	234.46	1	5432
1	899.87	232.73	1	5436
1	895.43	233.08	1	5440
1	899.37	233.19	1	5444
1	905.89	233.18	1	5448
1	907.58	233.25	1	5452
1	909.93	234.53	1	5456
1	912.1	235.35	1	5460
1	911.82	235.21	1	5464
1	913.15	234.09	1	5468
1	913.59	233.21	1	5472
1	912.67	232.21	1	5476
1	913.4	233.41	1	5480
1	913.42	232.18	1	5484
1	914.09	232.4	1	5488
1	914.31	231.48	1	5492
1	914.45	230.92	1	5496
1	913.63	230.32	1	5500
1	913.54	230.47	1	5504
1	913.39	229.58	1	5508
1	914.81	230.15	1	5512
1	916.2	229.85	1	5516
1	917.06	229.27	1	5520
1	917.36	229.24	1	5524
1	918.64	227.55	1	5528
1	919.05	228.29	1	5532
1	919.21	231.13	1	5536
1	918.64	230.01	1	5540
1	919.51	229.51	1	5544
1	920.44	229.96	1	5548
1	921.51	230.46	1	5552
1	920.84	228.48	1	5556
1	919.59	230.29	1	5560
1	918.88	229.51	1	5564
1	918.88	229.92	1	5568
1	916.99	232.35	1	5572
1	915.36	232	1	5576
1	916.17	231.71	1	5580
1	915.43	232.36	1	5584
1	915.93	233.69	1	5588
1	916.24	234.16	1	5592
1	915.31	234.7	1	5596
1	913.86	235.79	1	5600
1	912.86	236.2	1	5604
1	914.1	236.83	1	5608
1	914.83	236.65	1	5612
1	920.99	235.41	1	5616
1	923.63	236.08	1	5620
1	926.72	235.63	1	5624
1	928.61	234.68	1	5628
1	932.88	234.49	1	5632
1	934.71	233.76	1	5636
1	937.68	233.36	1	5640
1	936.86	233.52	1	5644
1	939.31	231.54	1	5648
1	940.97	231.58	1	5652
1	941.95	231.17	1	5656
1	941.55	232.31	1	5660
1	942.58	231.35	1	5664
1	941.04	231.19	1	5668
1	941.25	233.68	1	5672
1	941.04	232.72	1	5676
1	940.23	234.42	1	5680
1	939.91	234.04	1	5684
1	941.29	234.56	1	5688
1	941.01	235.24	1	5692
1	941.38	235.05	1	5696
1	940.67	235.34	1	5700
1	939.64	234.3	1	5704
1	939.48	234.82	1	5708
1	939.75	234.82	1	5712
1	940.56	233.42	1	5716
1	939.79	235.35	1	5720
1	939.25	234.24	1	5724
1	939.57	234.21	1	5728
1	939.31	233.41	1	5732
1	938.76	231.8	1	5736
1	937.05	231.86	1	5740
1	939.82	232.71	1	5744
1	941.39	233.22	1	5748
1	942.3	233.6	1	5752
1	943.7	233.68	1	5756
1	943.04	233.79	1	5760
1	943.75	234.04	1	5764
1	944.29	234.52	1	5768
1	943.72	235.92	1	5772
1	944.29	236.16	1	5776
1	942.91	238.18	1	5780
1	945	239.31	1	5784
1	942.64	239.59	1	5788
1	942.95	240.51	1	5792
1	941.33	241.53	1	5796
1	940.65	241.8	1	5800
1	940.8	243.11	1	5804
1	939.55	244.03	1	5808
1	940.13	244.32	1	5812
1	941.79	245.42	1	5816
1	0	0	0	5820
1	940.76	247.48	1	5824
1	941.41	248.46	1	5828
1	942.34	247.23	1	5832
1	942.53	249.01	1	5836
1	942.88	249.65	1	5840
1	942.11	248.78	1	5844
1	943.01	249.72	1	5848
1	942.77	249.28	1	5852
1	943.89	248.87	1	5856
1	942.5	247.92	1	5860
1	944.3	247.42	1	5864
1	943.06	246.65	1	5868
1	944.52	245.63	1	5872
1	944.64	246.78	1	5876
1	945.7	245.89	1	5880
1	944.65	243.85	1	5884
1	942.74	244.72	1	5888
1	943.09	243.07	1	5892
1	943.67	244.09	1	5896
1	943.72	245.28	1	5900
1	943.58	246.7	1	5904
1	942.25	245.5	1	5908
1	941.74	244.55	1	5912
1	942.81	245.02	1	5916
1	943.95	245.42	1	5920
1	941.6	244.99	1	5924
1	942.94	246.48	1	5928
1	943.42	245.33	1	5932
1	944.99	244.79	1	5936
1	944.34	244.23	1	5940
1	943.75	243.72	1	5944
1	944.56	242.49	1	5948
1	944.72	241	1	5952
1	943.82	240.95	1	5956
1	943.78	239.75	1	5960
1	943.4	238.47	1	5964
1	942.71	238.04	1	5968
1	941.87	236.39	1	5972
1	942.92	236.23	1	5976
1	942.43	235.5	1	5980
1	942.55	234.14	1	5984
1	941.42	235.17	1	5988
1	941.43	234.98	1	5992
1	940.86	235.37	1	5996
1	942.13	235.31	1	6000
1	942.48	235.56	1	6004
1	941.28	233.97	1	6008
1	941.91	233.7	1	6012
1	942.22	235.12	1	6016
1	941.33	235.8	1	6020
1	941.62	236.27	1	6024
1	940.99	238.45	1	6028
1	940.82	238.75	1	6032
1	940.73	239.55	1	6036
1	940.86	242.06	1	6040
1	939.92	242.54	1	6044
1	939.04	243.22	1	6048
1	938.67	245.03	1	6052
1	937.73	247.83	1	6056
1	937.45	248.22	1	6060
1	937.17	249.33	1	6064
1	936.44	249.23	1	6068
1	936.36	250.7	1	6072
1	935.85	251.28	1	6076
1	935.76	249.76	1	6080
1	935.8	251.16	1	6084
1	935.38	251.64	1	6088
1	925.3	252.34	1	6092
1	894.98	253.34	1	6096
1	841.51	252.54	1	6100
1	811.88	253.19	1	6104
1	782.7	254.29	1	6108
1	759.24	256.23	1	6112
1	738.18	255.86	1	6116
1	729.55	256.53	1	6120
1	721.04	258.3	1	6124
1	717.98	260.2	1	6128
1	717.63	261.12	1	6132
1	716.68	261.51	1	6136
1	715.12	262.09	1	6140
1	712.67	263.45	1	6144
1	713.32	263.91	1	6148
1	711.99	264.42	1	6152
1	709.77	263.51	1	6156
1	708.99	264.22	1	6160
1	709.22	262.85	1	6164
1	709.18	263.16	1	6168
1	708.16	262.49	1	6172
1	708.81	262.07	1	6176
1	708.2	261.4	1	6180
1	709.07	260.9	1	6184
1	709	259.21	1	6188
1	707.85	259.49	1	6192
1	707.5	258.73	1	6196
1	707.44	259.55	1	6200
1	707.17	259.64	1	6204
1	705.34	260.01	1	6208
1	705.6	260.45	1	6212
1	705.95	259.85	1	6216
1	704.75	259.62	1	6220
1	705.28	259.3	1	6224
1	703.05	258.84	1	6228
1	703.45	259.01	1	6232
1	703.45	257.41	1	6236
1	704.31	257.61	1	6240
1	703.89	257.28	1	6244
1	704.98	257.29	1	6248
1	706.31	257.85	1	6252
1	706.21	256.17	1	6256
1	705.93	256.26	1	6260
1	706.31	255.91	1	6264
1	705.81	255.79	1	6268
1	706	256.19	1	6272
1	706.67	256.99	1	6276
1	707.32	258.22	1	6280
1	706.15	258.72	1	6284
1	706.5	258.59	1	6288
1	706.39	258.61	1	6292
1	705.75	258.61	1	6296
1	706.66	258.98	1	6300
1	705.83	259.88	1	6304
1	705.69	260.15	1	6308
1	706.72	261.42	1	6312
1	706.18	261.53	1	6316
1	705.89	262.12	1	6320
1	705.91	262.54	1	6324
1	706.75	262.98	1	6328
1	706.87	264.35	1	6332
1	706.56	265.94	1	6336
1	706.95	267.34	1	6340
1	705.28	268.72	1	6344
1	705.44	269.94	1	6348
1	706.45	269.63	1	6352
1	706.87	269.96	1	6356
1	709.07	268.43	1	6360
1	712.82	262.94	1	6364
1	715.57	259.63	1	6368
1	720.93	261.25	1	6372
1	716.76	261.83	1	6376
1	0	0	0	6380
1	720.69	276.79	1	6384
1	0	0	0	6388
1	0	0	0	6392
1	0	0	0	6396
1	0	0	0	6400
1	0	0	0	6404
1	0	0	0	6408
1	0	0	0	6412
1	0	0	0	6416
1	725.17	294.1	1	6420
1	0	0	0	6424
1	0	0	0	6428
1	734.89	291.09	1	6432
1	0	0	0	6436
1	0	0	0	6440
1	0	0	0	6444
1	0	0	0	6448
1	0	0	0	6452
1	0	0	0	6456
1	0	0	0	6460
1	0	0	0	6464
1	0	0	0	6468
1	0	0	0	6472
1	0	0	0	6476
1	0	0	0	6480
1	0	0	0	6484
1	0	0	0	6488
1	0	0	0	6492
1	0	0	0	6496
1	0	0	0	6500
1	0	0	0	6504
1	0	0	0	6508
1	0	0	0	6512
1	0	0	0	6516
1	0	0	0	6520
1	0	0	0	6524
1	0	0	0	6528
1	0	0	0	6532
1	0	0	0	6536
1	0	0	0	6540
1	0	0	0	6544
1	0	0	0	6548
1	0	0	0	6552
1	0	0	0	6556
1	0	0	0	6560
1	0	0	0	6564
1	0	0	0	6568
1	0	0	0	6572
1	0	0	0	6576
1	0	0	0	6580
1	0	0	0	6584
1	0	0	0	6588
1	0	0	0	6592
1	0	0	0	6596
1	0	0	0	6600
1	0	0	0	6604
1	0	0	0	6608
1	0	0	0	6612
1	0	0	0	6616
1	0	0	0	6620
1	0	0	0	6624
1	0	0	0	6628
1	824.35	266.49	0	6632
1	820.11	256.01	0	6636
1	822.53	251.28	0	6640
1	828.45	244.6	0	6644
1	813.4	251.4	0	6648
1	817.24	249.48	0	6652
1	817.79	244.52	0	6656
1	815.6	244.58	0	6660
1	824.96	269.04	1	6664
1	810.59	253.92	0	6668
1	820.06	269.45	1	6672
1	820.7	267.28	1	6676
1	822.89	264.21	1	6680
1	821.53	265.84	1	6684
1	820.04	263.85	1	6688
1	819.4	257.83	1	6692
1	819.62	256.01	1	6696
1	818.5	257.9	1	6700
1	817.16	250.11	1	6704
1	817.24	245.76	1	6708
1	816.92	248.12	1	6712
1	815.9	252.98	1	6716
1	815.88	257.99	1	6720
1	813.54	262.85	1	6724
1	814.05	263.29	1	6728
1	813.51	269.59	1	6732
1	812.11	272.23	1	6736
1	813.31	271.58	1	6740
1	812.63	272.09	1	6744
1	812.91	275.13	1	6748
1	811.74	279.42	1	6752
1	811.92	277.54	1	6756
1	811.04	278.68	1	6760
1	810.54	281.15	1	6764
1	811	280.26	1	6768
1	810.52	283.1	1	6772
1	810.85	281.57	1	6776
1	810.74	284.19	1	6780
1	810.05	283.17	1	6784
1	810.32	284.51	1	6788
1	810.92	283.61	1	6792
1	812.23	284.64	1	6796
1	812.67	283.21	1	6800
1	813.88	282.91	1	6804
1	814.08	283.66	1	6808
1	814.48	283.92	1	6812
1	815.26	283.51	1	6816
1	814.32	282.76	1	6820
1	815.36	281.97	1	6824
1	815.49	282.87	1	6828
1	814.46	282.36	1	6832
1	814.67	282.17	1	6836
1	813.97	282.02	1	6840
1	813.96	282.41	1	6844
1	813.82	281.69	1	6848
1	813.96	280.74	1	6852
1	813.36	281.29	1	6856
1	813.19	280.61	1	6860
1	813.82	281.22	1	6864
1	813.44	281.89	1	6868
1	813.45	281.24	1	6872
1	814.33	282.24	1	6876
1	814.72	281.88	1	6880
1	814.85	282.1	1	6884
1	815.05	280.95	1	6888
1	815.07	282.14	1	6892
1	814.91	283.19	1	6896
1	815.47	282.66	1	6900
1	814.75	283.13	1	6904
1	814.54	283.16	1	6908
1	814.18	282.74	1	6912
1	815.52	282.56	1	6916
1	813.77	281.28	1	6920
1	813.84	280.53	1	6924
1	813.35	281.73	1	6928
1	812.92	281.72	1	6932
1	812.77	282.95	1	6936
1	812.77	283.09	1	6940
1	813.43	283.92	1	6944
1	813.47	283.03	1	6948
1	813.49	283.04	1	6952
1	814.26	283.84	1	6956
1	813.72	283.51	1	6960
1	815.44	285.55	1	6964
1	815.49	286.14	1	6968
1	816.19	285.26	1	6972
1	816.46	286.1	1	6976
1	816	284.75	1	6980
1	816.03	284.43	1	6984
1	816.7	283.7	1	6988
1	816.19	283.37	1	6992
1	817.09	283.92	1	6996
1	816.56	283.7	1	7000
1	815.85	284.52	1	7004
1	815.08	284.84	1	7008
1	815.06	284.95	1	7012
1	814.47	284.87	1	7016
1	813.95	283.99	1	7020
1	814.96	284.62	1	7024
1	814.15	284.62	1	7028
1	814.15	285.3	1	7032
1	815.67	286.35	1	7036
1	823.47	287.1	1	7040
1	864.02	288.19	1	7044
1	933	288.9	1	7048
1	966.14	289.02	1	7052
1	988.4	288.82	1	7056
1	1010.85	289.01	1	7060
1	1025.25	290.4	1	7064
1	1039.81	290.9	1	7068
1	1041.11	291.49	1	7072
1	1038.48	292.33	1	7076
1	1041.32	293.14	1	7080
1	1038.3	294.1	1	7084
1	1036.62	294.04	1	7088
1	1042.12	292.81	1	7092
1	1043.08	293.1	1	7096
1	1043.67	294.08	1	7100
1	1047.06	295.68	1	7104
1	1046.81	294.85	1	7108
1	1045.05	295.49	1	7112
1	1044.74	296.89	1	7116
1	1046.14	297.68	1	7120
1	1044.69	298.18	1	7124
1	1046.07	297.54	1	7128
1	1046.37	297.66	1	7132
1	1047.13	298.97	1	7136
1	1046.74	300.22	1	7140
1	1048.14	299.7	1	7144
1	1048.11	299.69	1	7148
1	1047.03	299.84	1	7152
1	1047.26	300.37	1	7156
1	1047.7	300.19	1	7160
1	1047.5	299.75	1	7164
1	1049.45	299.04	1	7168
1	1050.51	299.02	1	7172
1	1050.45	296.55	1	7176
1	1048.38	295.33	1	7180
1	1050.99	296.43	1	7184
1	1049.42	296.57	1	7188
1	1048.58	296.9	1	7192
1	1051.28	297.53	1	7196
1	1051.72	293.21	1	7200
1	1052.67	291.89	1	7204
1	1053.54	289.08	1	7208
1	1053.81	289.02	1	7212
1	1051.99	289.41	1	7216
1	1052.98	289.88	1	7220
1	1053.49	289.52	1	7224
1	1052.07	288.25	1	7228
1	1051.75	288.59	1	7232
1	1050.82	287.73	1	7236
1	1049.99	286.33	1	7240
1	1048.43	287.98	1	7244
1	1046.46	288.89	1	7248
1	1045.62	289.47	1	7252
1	1044.06	289.78	1	7256
1	1044	290.71	1	7260
1	1043.18	289	1	7264
1	1043.7	289.61	1	7268
1	1044.4	288.62	1	7272
1	1044.4	288.07	1	7276
1	1045.95	287.22	1	7280
1	1045.77	285.32	1	7284
1	1047.08	285.16	1	7288
1	1047.49	284.5	1	7292
1	1048.32	284.1	1	7296
1	1048.79	283.86	1	7300
1	1049.06	282.13	1	7304
1	1049.43	282.2	1	7308
1	1049.55	283.12	1	7312
1	1048.75	285.78	1	7316
1	1049.27	285.73	1	7320
1	1050.45	286.84	1	7324
1	1049.88	287.76	1	7328
1	1049.32	287.28	1	7332
1	1049.88	286.45	1	7336
1	1049.72	287.97	1	7340
1	1049.65	287.89	1	7344
1	1050.69	287.51	1	7348
1	1049.77	288.46	1	7352
1	1049.33	287.26	1	7356
1	1051	286.72	1	7360
1	1051.17	286.2	1	7364
1	1051.43	286.12	1	7368
1	1051.15	286.3	1	7372
1	1050.6	286.38	1	7376
1	1051.49	287.52	1	7380
1	1051.28	287.42	1	7384
1	1052.36	289.07	1	7388
1	1050.89	290.59	1	7392
1	1050.19	289.9	1	7396
1	1051.14	291.06	1	7400
1	1050.07	291.49	1	7404
1	1048.9	292.42	1	7408
1	1048.64	293.38	1	7412
1	1049.4	294.57	1	7416
1	1055	294.89	1	7420
1	1088.5	296.68	1	7424
1	1124.27	298.81	1	7428
1	1137.98	298.86	1	7432
1	1145.53	298.5	1	7436
1	1154.81	299.72	1	7440
1	1160.72	298.51	1	7444
1	1166.12	299.51	1	7448
1	1163.2	298.74	1	7452
1	1163.55	297.68	1	7456
1	1158.33	297.7	1	7460
1	1159.51	296.56	1	7464
1	1162.79	293.45	1	7468
1	1159.91	290.73	1	7472
1	1164.05	287.73	1	7476
1	1164.49	287.34	1	7480
1	1164.19	285.2	1	7484
1	1161.5	283.18	1	7488
1	1160.99	282.81	1	7492
1	1161.08	282.04	1	7496
1	1161.4	279.65	1	7500
1	1161.8	279	1	7504
1	1162.87	278.65	1	7508
1	1162.39	279.57	1	7512
1	1162.62	279.74	1	7516
1	1162.38	280.13	1	7520
1	1163.11	280.83	1	7524
1	1163.17	281.22	1	7528
1	1166.55	282.18	1	7532
1	1165.56	282.08	1	7536
1	1164.89	282.92	1	7540
1	1165.43	282.53	1	7544
1	1164.86	282.96	1	7548
1	1163.54	283.95	1	7552
1	1163.33	283.35	1	7556
1	1164.79	283.24	1	7560
1	1163.98	283.58	1	7564
1	1164.94	284.12	1	7568
1	1164.35	284.16	1	7572
1	1163.72	284.59	1	7576
1	1163.25	285.64	1	7580
1	1163.2	286.43	1	7584
1	1163.38	287.79	1	7588
1	1163.39	287.99	1	7592
1	1165.42	287.34	1	7596
1	1165.19	287	1	7600
1	1165.3	288.88	1	7604
1	1166.11	288.17	1	7608
1	1166.44	288.74	1	7612
1	1165.46	287.84	1	7616
1	1165.28	288.33	1	7620
1	1164.16	289.15	1	7624
1	1164.5	288.17	1	7628
1	1163.74	287.86	1	7632
1	1163.58	287.47	1	7636
1	1162.87	289.08	1	7640
1	1162.92	289.08	1	7644
1	1162.09	288.89	1	7648
1	1160.99	289.03	1	7652
1	1160.62	288.83	1	7656
1	1161.63	289.66	1	7660
1	1161.96	289.32	1	7664
1	1163.1	288.08	1	7668
1	1163.56	287.78	1	7672
1	1163.22	287.53	1	7676
1	1163.53	287.08	1	7680
1	1163.17	287.05	1	7684
1	1162.69	287.98	1	7688
1	1163.38	287.79	1	7692
1	1164.25	287.18	1	7696
1	1164.37	286.01	1	7700
1	1163.89	285.71	1	7704
1	1164.4	286.84	1	7708
1	1163.99	287.93	1	7712
1	1163.43	288.5	1	7716
1	1163.61	288.52	1	7720
1	1163.05	288.98	1	7724
1	1163.31	287.54	1	7728
1	1164.34	290.33	1	7732
1	1164.19	288.09	1	7736
1	1164.73	288.88	1	7740
1	1163.51	288.75	1	7744
1	1163.87	289.88	1	7748
1	1163.22	289.24	1	7752
1	1163.99	289.82	1	7756
1	1162.51	290.02	1	7760
1	1164	288.23	1	7764
1	1164.49	285.54	1	7768
1	1164.54	287.68	1	7772
1	1164.63	286.09	1	7776
1	1163.4	285.64	1	7780
1	1162.98	286.11	1	7784
1	1163.74	286.08	1	7788
1	1164.88	285.06	1	7792
1	1165.57	286.25	1	7796
1	1165.67	286.61	1	7800
1	1166.51	286.23	1	7804
1	1166.13	287.39	1	7808
1	1166.2	287.59	1	7812
1	1166.22	288.26	1	7816
1	1165.87	288.72	1	7820
1	1166.93	289.95	1	7824
1	1166.82	290.14	1	7828
1	1166.05	291.24	1	7832
1	1165.05	292.05	1	7836
1	1164.08	290.34	1	7840
1	1163.2	289.97	1	7844
1	1162.69	291.32	1	7848
1	1162.21	288.1	1	7852
1	1161.68	289.53	1	7856
1	1162.14	288.71	1	7860
1	1162.86	288.93	1	7864
1	1162.02	288.01	1	7868
1	1161.64	288.37	1	7872
1	1162.77	286.46	1	7876
1	1164.06	285.85	1	7880
1	1163.95	285.84	1	7884
1	1165.05	285.02	1	7888
1	1165.74	284.2	1	7892
1	1166.16	284.45	1	7896
1	1166.27	284.99	1	7900
1	1157.62	285.77	1	7904
1	1098.65	286.51	1	7908
1	1044.88	287.55	1	7912
1	984.08	286.58	1	7916
1	961.63	286.4	1	7920
1	923.41	286.58	1	7924
1	881.2	287.19	1	7928
1	850.17	287.06	1	7932
1	822.65	288.12	1	7936
1	811.3	288.24	1	7940
1	796.58	289.04	1	7944
1	794.14	289.28	1	7948
1	790.24	289.49	1	7952
1	789.93	288.2	1	7956
1	790.44	288.06	1	7960
1	790.45	288.5	1	7964
1	788.13	288.59	1	7968
1	784.09	289.28	1	7972
1	784.59	289.43	1	7976
1	784.09	290.26	1	7980
1	781.78	290.27	1	7984
1	780.12	290.04	1	7988
1	780.34	289.92	1	7992
1	778.27	289.65	1	7996
1	778.75	289.82	1	8000
1	776.09	290.77	1	8004
1	773.28	292.49	1	8008
1	771.65	293.46	1	8012
1	771.31	294.86	1	8016
1	770.2	296.7	1	8020
1	769.08	296.42	1	8024
1	767.78	295.93	1	8028
1	767.05	297.03	1	8032
1	767.83	296.92	1	8036
1	767.23	296.07	1	8040
1	767.3	296.88	1	8044
1	767.76	295.77	1	8048
1	767.49	294.86	1	8052
1	768.64	293.83	1	8056
1	767.63	293.72	1	8060
1	768.17	293	1	8064
1	769.13	292.22	1	8068
1	769.04	293.44	1	8072
1	769.4	292.77	1	8076
1	768.5	292.44	1	8080
1	768.99	293.46	1	8084
1	768.57	292.67	1	8088
1	768.18	292.74	1	8092
1	768.17	292.49	1	8096
1	768.69	292.33	1	8100
1	768.55	291.74	1	8104
1	768.87	291.49	1	8108
1	768.41	290.8	1	8112
1	768.27	290	1	8116
1	767.27	290.71	1	8120
1	767.51	291.04	1	8124
1	767.43	290.98	1	8128
1	766.94	290.88	1	8132
1	767.48	291.13	1	8136
1	767.91	290.78	1	8140
1	766.44	291.43	1	8144
1	767.49	291.29	1	8148
1	767.79	289.7	1	8152
1	768.26	290.1	1	8156
1	768.02	290.37	1	8160
1	767.8	289.41	1	8164
1	767.3	288.9	1	8168
1	767.71	288.07	1	8172
1	767.24	287.68	1	8176
1	762.55	288.18	1	8180
1	760.69	288.12	1	8184
1	743.67	287.48	1	8188
1	735.6	286.8	1	8192
1	728.52	286.71	1	8196
1	728.8	286.37	1	8200
1	715.63	285.66	1	8204
1	711.87	284.83	1	8208
1	715.5	283.1	1	8212
1	715.76	282.66	1	8216
1	711.3	282.11	1	8220
1	710.36	281.15	1	8224
1	709.36	279.98	1	8228
1	709.13	280.17	1	8232
1	707.81	279.47	1	8236
1	707.41	279.76	1	8240
1	707.29	278.6	1	8244
1	707.91	278.95	1	8248
1	708.74	277.81	1	8252
1	708.79	278.89	1	8256
1	708.91	277.98	1	8260
1	709.08	277.47	1	8264
1	710.16	277.49	1	8268
1	709.72	277.58	1	8272
1	709.01	276.67	1	8276
1	710.2	275.95	1	8280
1	710.59	274.69	1	8284
1	710.42	275.17	1	8288
1	711.03	273.37	1	8292
1	710.46	274.48	1	8296
1	710.64	273.6	1	8300
1	708.57	273.86	1	8304
1	708.98	274.29	1	8308
1	708.9	274.34	1	8312
1	708.16	273.47	1	8316
1	710.04	273.54	1	8320
1	709.36	274.25	1	8324
1	709.88	275.07	1	8328
1	708.84	274.88	1	8332
1	707.75	275.41	1	8336
1	707.97	274.32	1	8340
1	708.57	274.48	1	8344
1	708.93	274.44	1	8348
1	709.76	274.03	1	8352
1	709.25	273.85	1	8356
1	709.01	273.68	1	8360
1	707.47	273.37	1	8364
1	704.36	273.64	1	8368
1	698.96	273.64	1	8372
1	695.59	273.26	1	8376
1	690.08	274.13	1	8380
1	685.63	273.03	1	8384
1	685.92	272.84	1	8388
1	683.47	271.84	1	8392
1	679.76	271.06	1	8396
1	678.24	271.17	1	8400
1	679.52	269.44	1	8404
1	675.96	269.2	1	8408
1	674.43	267.74	1	8412
1	675.1	268.3	1	8416
1	674.48	266.95	1	8420
1	674.7	267.88	1	8424
1	674.32	268.26	1	8428
1	673.56	268.72	1	8432
1	673.59	269.64	1	8436
1	672.41	270.49	1	8440
1	672.81	270.78	1	8444
1	672.14	270.53	1	8448
1	670.32	271.28	1	8452
1	672.97	270.43	1	8456
1	672.88	269.54	1	8460
1	672.56	269.16	1	8464
1	671.85	267.72	1	8468
1	671.89	267.28	1	8472
1	671.3	266.68	1	8476
1	670.4	266.07	1	8480
1	671.59	265.54	1	8484
1	671.97	265.03	1	8488
1	671.03	265.92	1	8492
1	669	265.2	1	8496
1	668.38	265.74	1	8500
1	666.88	265.53	1	8504
1	667.59	264.78	1	8508
1	666.58	264.49	1	8512
1	666.75	263.91	1	8516
1	668.04	263.08	1	8520
1	666.41	263.61	1	8524
1	665.09	262.28	1	8528
1	664.97	262.34	1	8532
1	663.51	261.07	1	8536
1	664.23	261.92	1	8540
1	663.51	260.55	1	8544
1	663.04	262.31	1	8548
1	663.12	263.91	1	8552
1	662.65	265.1	1	8556
1	661.36	265.52	1	8560
1	660.45	267.36	1	8564
1	660.81	267.33	1	8568
1	662.86	268.82	1	8572
1	691.39	268.74	1	8576
1	729.69	268.61	1	8580
1	750.5	267.43	1	8584
1	769.85	267.21	1	8588
1	779.83	266.35	1	8592
1	791.12	266.04	1	8596
1	799.69	265.39	1	8600
1	799.1	267.71	1	8604
1	802.41	267.6	1	8608
1	799.61	268.42	1	8612
1	804.41	269.91	1	8616
1	804.86	269.85	1	8620
1	806.16	271.82	1	8624
1	808.11	272.81	1	8628
1	808.6	273.92	1	8632
1	809.01	276	1	8636
1	807.72	276.64	1	8640
1	806.42	278.19	1	8644
1	806.88	278.84	1	8648
1	806.49	280.06	1	8652
1	805.35	281.17	1	8656
1	804.93	281.57	1	8660
1	804.23	283.16	1	8664
1	804.1	283.36	1	8668
1	804.88	284.84	1	8672
1	805.48	284.95	1	8676
1	806.33	285.2	1	8680
1	806.94	286.16	1	8684
1	807.76	284.91	1	8688
1	807.31	285.59	1	8692
1	806.95	284.9	1	8696
1	807.75	285.15	1	8700
1	807.26	284.54	1	8704
1	807.78	284.63	1	8708
1	806.99	284.8	1	8712
1	806.03	285.49	1	8716
1	805.79	285.82	1	8720
1	804.64	286.88	1	8724
1	804.04	286.36	1	8728
1	802.04	288.12	1	8732
1	801.83	290.08	1	8736
1	800.97	290.9	1	8740
1	801.01	292.86	1	8744
1	801.31	294.72	1	8748
1	800.55	296.02	1	8752
1	802.13	296.22	1	8756
1	802.45	297.58	1	8760
1	802.69	297.25	1	8764
1	801.85	297.49	1	8768
1	802.08	297.51	1	8772
1	803.49	299.28	1	8776
1	803.95	297.11	1	8780
1	804.29	296.02	1	8784
1	804.9	295.43	1	8788
1	806.5	294.72	1	8792
1	806.27	292.73	1	8796
1	805.83	291.8	1	8800
1	805.16	290.74	1	8804
1	804.72	290.11	1	8808
1	805.47	288.83	1	8812
1	806.1	289.4	1	8816
1	806.52	288.15	1	8820
1	805.07	287.72	1	8824
1	802.32	288.1	1	8828
1	795.94	288.32	1	8832
1	791.4	288.85	1	8836
1	778.38	290.24	1	8840
1	772.45	291.96	1	8844
1	771.61	294.94	1	8848
1	765.81	294.14	1	8852
1	763.76	294.93	1	8856
1	761.36	295.19	1	8860
1	760.13	296.1	1	8864
1	757.81	296.48	1	8868
1	755.82	297.39	1	8872
1	753.91	297.27	1	8876
1	752.4	296.11	1	8880
1	752.61	297.22	1	8884
1	752.15	295.57	1	8888
1	752.32	292.74	1	8892
1	752.47	291.72	1	8896
1	751.29	290.99	1	8900
1	752.02	290.25	1	8904
1	752.11	290.5	1	8908
1	752.36	288.46	1	8912
1	753.62	287.71	1	8916
1	753.64	287.78	1	8920
1	752.71	288.07	1	8924
1	753.03	286.9	1	8928
1	752.68	288.4	1	8932
1	752.12	288.77	1	8936
1	752.39	290.59	1	8940
1	751.69	289.65	1	8944
1	751.06	290.99	1	8948
1	753.74	290.62	1	8952
1	753.65	290.87	1	8956
1	751.53	290.43	1	8960
1	752.76	290.07	1	8964
1	753.41	288.72	1	8968
1	754.52	288.33	1	8972
1	754.46	286.45	1	8976
1	754.91	284.96	1	8980
1	753.99	284.14	1	8984
1	756.32	283.3	1	8988
1	755.77	281.56	1	8992
1	755.63	280.16	1	8996
1	755.6	279.22	1	9000
1	757	278.63	1	9004
1	757.7	278.25	1	9008
1	757.96	277.78	1	9012
1	757.24	277.6	1	9016
1	758.33	277.83	1	9020
1	758.98	277.85	1	9024
1	759.3	277.01	1	9028
1	759.18	277.43	1	9032
1	758.69	277.09	1	9036
1	758.13	276.47	1	9040
1	757.59	277.41	1	9044
1	757.25	277.74	1	9048
1	757.35	278.84	1	9052
1	760.35	279.88	1	9056
1	787.15	280.58	1	9060
1	853.42	281.95	1	9064
1	885.44	281.77	1	9068
1	903.07	280.92	1	9072
1	926.4	280.07	1	9076
1	941.39	280.67	1	9080
1	954.96	281.71	1	9084
1	964.16	281.41	1	9088
1	966.43	281.97	1	9092
1	966.64	282.59	1	9096
1	968.24	281.99	1	9100
1	968.13	283.97	1	9104
1	966.8	283.42	1	9108
1	968.2	285.16	1	9112
1	970.28	286.02	1	9116
1	972.3	287.64	1	9120
1	973.46	289.83	1	9124
1	974.53	289.82	1	9128
1	974.11	290.25	1	9132
1	974.76	291.76	1	9136
1	974.32	291.61	1	9140
1	974.6	292.84	1	9144
1	973.95	292.78	1	9148
1	975.6	293.48	1	9152
1	976.73	293.49	1	9156
1	977.27	294.24	1	9160
1	978.24	293.34	1	9164
1	978.42	291.88	1	9168
1	979.54	290.91	1	9172
1	978.7	291.78	1	9176
1	979.22	289.57	1	9180
1	980.5	290.26	1	9184
1	980.16	289.55	1	9188
1	982.3	288.61	1	9192
1	982.38	287.47	1	9196
1	981.94	287.24	1	9200
1	981.75	285.61	1	9204
1	981.25	286.77	1	9208
1	980.92	287.21	1	9212
1	980.38	287.95	1	9216
1	982.04	288.17	1	9220
1	982.12	287.56	1	9224
1	982.82	288	1	9228
1	983.37	286.96	1	9232
1	981.01	287.52	1	9236
1	983.37	287.73	1	9240
1	982.95	286.71	1	9244
1	983.38	287.73	1	9248
1	984.69	286.93	1	9252
1	985.88	286.73	1	9256
1	984.84	286.15	1	9260
1	985.95	285.15	1	9264
1	985.68	285.7	1	9268
1	984.82	285.04	1	9272
1	982.47	285.53	1	9276
1	983.42	284.62	1	9280
1	982.24	284.73	1	9284
1	981.65	284.71	1	9288
1	981.19	284.86	1	9292
1	980.32	284.72	1	9296
1	983.27	285.23	1	9300
1	998.46	286.84	1	9304
1	1038.63	288.17	1	9308
1	1057.39	288.59	1	9312
1	1077.87	288.23	1	9316
1	1089.09	288	1	9320
1	1114.78	288.68	1	9324
1	1105.78	288.03	1	9328
1	1112.03	287.93	1	9332
1	1114.14	287.03	1	9336
1	1113.97	286.96	1	9340
1	1117.42	285.38	1	9344
1	1117.37	284.24	1	9348
1	1118.61	281.55	1	9352
1	1118.97	279.94	1	9356
1	1121.83	280	1	9360
1	1123.58	280.48	1	9364
1	1122.15	279.71	1	9368
1	1122.38	279.22	1	9372
1	1123.12	279.29	1	9376
1	1122.75	277.4	1	9380
1	1123.26	277.18	1	9384
1	1122.49	277.37	1	9388
1	1122.45	275.67	1	9392
1	1122.79	277.82	1	9396
1	1122.83	278.25	1	9400
1	1123.21	276.97	1	9404
1	1122.69	275.83	1	9408
1	1122.32	275.56	1	9412
1	1123.71	273.46	1	9416
1	1121.6	272.8	1	9420
1	1122.88	274.52	1	9424
1	1123.63	274.14	1	9428
1	1122.58	273.41	1	9432
1	1124.47	274.23	1	9436
1	1124.73	274.09	1	9440
1	1125.12	272.87	1	9444
1	1125.63	273.88	1	9448
1	1126.19	274.3	1	9452
1	1126.98	273.82	1	9456
1	1126.37	274.91	1	9460
1	1127.52	274.44	1	9464
1	1126.97	273.71	1	9468
1	1126.04	272.38	1	9472
1	1126.38	271.61	1	9476
1	1125.39	270.83	1	9480
1	1125.09	270.24	1	9484
1	1124.92	270.87	1	9488
1	1123.99	269.96	1	9492
1	1123.04	269.03	1	9496
1	1122.55	269.19	1	9500
1	1123.01	267.96	1	9504
1	1122.04	268.25	1	9508
1	1122.78	268.12	1	9512
1	1122.67	268	1	9516
1	1122.83	268.53	1	9520
1	1123.42	269.11	1	9524
1	1123.6	271.02	1	9528
1	1124.31	269.8	1	9532
1	1123.6	270.3	1	9536
1	1124.84	271.46	1	9540
1	1125.21	271.63	1	9544
1	1124.34	272.75	1	9548
1	1125.2	274.41	1	9552
1	1125.12	274.95	1	9556
1	1124.78	278.79	1	9560
1	1125.1	278.93	1	9564
1	1125.41	280.28	1	9568
1	1126.13	282.03	1	9572
1	1124.8	283.41	1	9576
1	1126.96	283.81	1	9580
1	1126.58	284.05	1	9584
1	1125.57	284.9	1	9588
1	1127.02	285.56	1	9592
1	1126.17	283.63	1	9596
1	1127.25	284.08	1	9600
1	1126.98	282.89	1	9604
1	1126.18	282.63	1	9608
1	1128.6	282.46	1	9612
1	1132.69	281.36	1	9616
1	1146	281.42	1	9620
1	1156.12	280.79	1	9624
1	1160.75	280.46	1	9628
1	1159.93	280.89	1	9632
1	1166.84	279.44	1	9636
1	1170.67	280.93	1	9640
1	1173.67	281.41	1	9644
1	1172.73	281.67	1	9648
1	1175.4	281.85	1	9652
1	1177.23	281.55	1	9656
1	1179.39	282.4	1	9660
1	1180.44	282.69	1	9664
1	1179.16	283.66	1	9668
1	1176.46	284.6	1	9672
1	1174.46	283.23	1	9676
1	1175.83	283.85	1	9680
1	1178.66	282.23	1	9684
1	1179.66	281.16	1	9688
1	1177.56	282.13	1	9692
1	1178.07	280.89	1	9696
1	1177.77	280.04	1	9700
1	1179.11	280.12	1	9704
1	1177.87	278.3	1	9708
1	1177.95	278.96	1	9712
1	1179	276.41	1	9716
1	1179.48	275.62	1	9720
1	1179.51	275.1	1	9724
1	1179.6	274.4	1	9728
1	1179.49	275.33	1	9732
1	1180.79	274.63	1	9736
1	1181.62	273.75	1	9740
1	1182.75	272.89	1	9744
1	1181.4	273.5	1	9748
1	1184.27	275.28	1	9752
1	1181.36	275.51	1	9756
1	1182.13	277.2	1	9760
1	1184.36	277.36	1	9764
1	1183.72	278.24	1	9768
1	1184.69	279.21	1	9772
1	1184.38	278.99	1	9776
1	1183.43	280.46	1	9780
1	1183.04	281.24	1	9784
1	1184.6	281.18	1	9788
1	1181.91	281.81	1	9792
1	1181.53	280.36	1	9796
1	1182.82	279.42	1	9800
1	1183.57	279.6	1	9804
1	1181.39	278.86	1	9808
1	1181.63	278.96	1	9812
1	1179.82	280.14	1	9816
1	1179.51	279.43	1	9820
1	1178.58	279.72	1	9824
1	1178.31	278.97	1	9828
1	1177.72	279.45	1	9832
1	1178.49	278.85	1	9836
1	1179.55	280.14	1	9840
1	1179.47	280.7	1	9844
1	1178.17	280.33	1	9848
1	1179.32	282.37	1	9852
1	1177.98	282.16	1	9856
1	1178.66	281.14	1	9860
1	1178.58	281.74	1	9864
1	1179.44	281.22	1	9868
1	1180.71	280.4	1	9872
1	1181.25	280.7	1	9876
1	1180.46	281.79	1	9880
1	1179.79	281.22	1	9884
1	1179.78	281.35	1	9888
1	1181.63	281.68	1	9892
1	1180.44	281.07	1	9896
1	1180.29	280.48	1	9900
1	1181.71	280.92	1	9904
1	1182.98	280.01	1	9908
1	1183.81	281.18	1	9912
1	1183.88	280.54	1	9916
1	1183.41	281.11	1	9920
1	1184.35	281.23	1	9924
1	1184.17	280.73	1	9928
1	1183.85	281.38	1	9932
1	1183.2	280.89	1	9936
1	1183.37	281.23	1	9940
1	1183.76	281.95	1	9944
1	1182.62	281.92	1	9948
1	1181.47	282.31	1	9952
1	1181.49	281.88	1	9956
1	1181.22	282.94	1	9960
1	1180.77	282.08	1	9964
1	1179.99	280.95	1	9968
1	1179.51	281.71	1	9972
1	1180.25	280.72	1	9976
1	1180.43	281.12	1	9980
1	1181.17	281.06	1	9984
1	1180.91	281.06	1	9988
1	1180.55	281.59	1	9992
1	1181.36	282.48	1	9996
1	1180.95	281.64	1	10000
1	1180.6	281.74	1	10004
1	1176.33	283.19	1	10008
1	1154.19	285.25	1	10012
1	1085.52	286.33	1	10016
1	1042.68	287.58	1	10020
1	985.42	289.34	1	10024
1	921.31	294.2	1	10028
1	918.72	297.27	1	10032
1	878.82	303	1	10036
1	831.77	310.96	1	10040
1	821.17	311.74	1	10044
1	801.73	318.65	1	10048
1	797.37	323.4	1	10052
1	794.84	328.17	1	10056
1	793.95	330.58	1	10060
1	793.33	332.51	1	10064
1	790.03	334.08	1	10068
1	790.82	337.1	1	10072
1	790.05	338.79	1	10076
1	788.26	340.52	1	10080
1	786.72	340.87	1	10084
1	783.73	342.15	1	10088
1	782.53	342.2	1	10092
1	781.2	342.93	1	10096
1	779.25	343.64	1	10100
1	779.06	343.6	1	10104
1	779.11	344.51	1	10108
1	779.57	345.8	1	10112
1	778.34	346.2	1	10116
1	776.87	347.03	1	10120
1	776.81	347.92	1	10124
1	778.25	348.94	1	10128
1	777.13	349.86	1	10132
1	777.19	350.93	1	10136
1	777.01	352.69	1	10140
1	776.21	353.43	1	10144
1	776.51	354.41	1	10148
1	775.17	354.77	1	10152
1	773.58	354.72	1	10156
1	774.59	354.63	1	10160
1	775.63	353.67	1	10164
1	774.91	354.12	1	10168
1	773.81	354.85	1	10172
1	774.25	354.53	1	10176
1	773.63	355.54	1	10180
1	772.51	355.26	1	10184
1	773.53	354.68	1	10188
1	773.46	353.93	1	10192
1	774.27	353.39	1	10196
1	771.15	353.81	1	10200
1	757.2	353.16	1	10204
1	746.39	353.01	1	10208
1	749.62	351.9	1	10212
1	734.76	350.74	1	10216
1	736.37	350.04	1	10220
1	729.33	348.57	1	10224
1	724.38	347.91	1	10228
1	724.71	348.33	1	10232
1	720.38	347.53	1	10236
1	719.06	347.52	1	10240
1	717.51	347.56	1	10244
1	717.95	347.12	1	10248
1	718.42	346.58	1	10252
1	716.96	346.62	1	10256
1	715.69	345.78	1	10260
1	715.02	345.77	1	10264
1	715.48	344.75	1	10268
1	715.93	343.78	1	10272
1	717.06	342.62	1	10276
1	718.48	342.1	1	10280
1	717.94	340.91	1	10284
1	718.4	340.53	1	10288
1	717.47	339.13	1	10292
1	718.34	338.21	1	10296
1	718.95	337.06	1	10300
1	718.63	337.33	1	10304
1	718.38	337.18	1	10308
1	718.76	338.14	1	10312
1	716.76	339.04	1	10316
1	716.26	339.92	1	10320
1	716.44	339.08	1	10324
1	715.61	339.42	1	10328
1	715.69	338.96	1	10332
1	714.61	341.15	1	10336
1	714.63	341.79	1	10340
1	714.11	342.14	1	10344
1	712.77	344.05	1	10348
1	712.97	345.2	1	10352
1	712.1	344.82	1	10356
1	711.97	345.4	1	10360
1	711.72	345.42	1	10364
1	711.15	345.25	1	10368
1	711.65	346.06	1	10372
1	710.14	345.38	1	10376
1	711.31	344.62	1	10380
1	711.49	342.4	1	10384
1	710.78	342.82	1	10388
1	711.26	340.52	1	10392
1	712.29	338.41	1	10396
1	711.93	337.19	1	10400
1	712.27	335.69	1	10404
1	712.69	334.66	1	10408
1	713.89	334.15	1	10412
1	714.34	333.62	1	10416
1	713.93	333.55	1	10420
1	715.43	333.59	1	10424
1	714.56	334.41	1	10428
1	714.57	334.93	1	10432
1	715.35	334.44	1	10436
1	714.66	334.9	1	10440
1	714.92	336.09	1	10444
1	715.6	335.5	1	10448
1	716.64	336.52	1	10452
1	715.75	336.95	1	10456
1	715.56	337.52	1	10460
1	716.23	337.54	1	10464
1	717.34	337.59	1	10468
1	717.41	337.24	1	10472
1	717.02	337.48	1	10476
1	717.69	338.22	1	10480
1	716.86	339.53	1	10484
1	717.14	340.82	1	10488
1	717.12	341.28	1	10492
1	716.75	342.84	1	10496
1	716.12	343.53	1	10500
1	717.03	344.23	1	10504
1	720.36	344.57	1	10508
1	722.21	345.3	1	10512
1	728.66	347.26	1	10516
1	728.04	346.52	1	10520
1	733.28	347.6	1	10524
1	732.64	348.02	1	10528
1	737.64	345.62	1	10532
1	735.44	347.32	1	10536
1	740.51	347.76	1	10540
1	742.93	348.48	1	10544
1	742.95	348.47	1	10548
1	742.56	350.94	1	10552
1	741.97	350.95	1	10556
1	740.92	350.85	1	10560
1	741.69	351.13	1	10564
1	741.59	352.66	1	10568
1	741.87	353.23	1	10572
1	742.14	354.57	1	10576
1	742.46	354.16	1	10580
1	741.6	354.26	1	10584
1	740.48	354.76	1	10588
1	741.25	355.67	1	10592
1	741.74	355.72	1	10596
1	741.33	355.47	1	10600
1	741.8	356.32	1	10604
1	740.96	357.3	1	10608
1	741.81	357.18	1	10612
1	742.71	357.35	1	10616
1	741.41	358.01	1	10620
1	742.77	357.87	1	10624
1	744.08	357.92	1	10628
1	744.22	358.15	1	10632
1	744.89	358.92	1	10636
1	745.03	358.12	1	10640
1	745.92	357.48	1	10644
1	746.75	357.98	1	10648
1	748.02	357.99	1	10652
1	746.8	357.26	1	10656
1	746.3	357.08	1	10660
1	746.09	356.46	1	10664
1	746.42	357.13	1	10668
1	745.83	357.18	1	10672
1	745.65	356.55	1	10676
1	745.75	355.23	1	10680
1	746.08	355.34	1	10684
1	747.55	354.37	1	10688
1	747.01	354.18	1	10692
1	746.28	354.1	1	10696
1	746.69	354.26	1	10700
1	746.61	354.73	1	10704
1	746.7	354.29	1	10708
1	745.15	353.46	1	10712
1	744.84	352.21	1	10716
1	743.85	351.44	1	10720
1	743.57	352.62	1	10724
1	742.92	352.36	1	10728
1	740.95	353.24	1	10732
1	739.85	352.38	1	10736
1	739.85	351.83	1	10740
1	738.62	352.82	1	10744
1	738.85	350.34	1	10748
1	738.74	349.99	1	10752
1	738.12	350.39	1	10756
1	737.99	350.65	1	10760
1	737.73	351.51	1	10764
1	737.12	351.3	1	10768
1	735.85	351.72	1	10772
1	736.96	351.84	1	10776
1	739.85	352.99	1	10780
1	765.32	353.45	1	10784
1	792.06	354.94	1	10788
1	780.74	356.42	1	10792
1	792.54	358.38	1	10796
1	796.28	359.8	1	10800
1	805.76	362.06	1	10804
1	805.84	363.14	1	10808
1	805.85	364.34	1	10812
1	808.02	366.57	1	10816
1	806.83	367.5	1	10820
1	810.79	369.59	1	10824
1	811.52	370.82	1	10828
1	810.65	372.84	1	10832
1	811.99	373.89	1	10836
1	813.45	375.68	1	10840
1	812.05	376.85	1	10844
1	809.92	378.07	1	10848
1	809.36	378.17	1	10852
1	809.52	379.15	1	10856
1	810.14	380.39	1	10860
1	810.44	381.41	1	10864
1	810.44	381.08	1	10868
1	809.4	382.51	1	10872
1	811.47	382.19	1	10876
1	811.12	383.3	1	10880
1	810.79	383.63	1	10884
1	810.24	382.7	1	10888
1	809.69	383.88	1	10892
1	812.38	382.76	1	10896
1	811.41	382.52	1	10900
1	813.04	383.57	1	10904
1	812.86	383.81	1	10908
1	812.45	383.45	1	10912
1	813.36	384.27	1	10916
1	812.17	383.74	1	10920
1	812.38	382.92	1	10924
1	812.9	384.32	1	10928
1	813.35	383.57	1	10932
1	815.73	384.27	1	10936
1	815.35	385.26	1	10940
1	815.02	385.32	1	10944
1	814.64	385.09	1	10948
1	814.37	385.54	1	10952
1	816.03	385.39	1	10956
1	815.68	385.12	1	10960
1	816.96	384.97	1	10964
1	817.11	385.39	1	10968
1	817.15	385.68	1	10972
1	817.22	385.31	1	10976
1	816.36	384.6	1	10980
1	815.76	383.67	1	10984
1	815.59	384.05	1	10988
1	817.89	384.03	1	10992
1	817.3	384.16	1	10996
1	815.91	383.65	1	11000
1	816.35	382.88	1	11004
1	815.8	384.89	1	11008
1	815.89	383.83	1	11012
1	814.58	383.48	1	11016
1	814.4	383.59	1	11020
1	814.95	383.61	1	11024
1	814.78	384.97	1	11028
1	815.26	385.34	1	11032
1	813.86	384.47	1	11036
1	814.36	384.35	1	11040
1	814.4	384.16	1	11044
1	814.67	384.07	1	11048
1	815.63	383.45	1	11052
1	815	383.22	1	11056
1	816.38	383	1	11060
1	817.54	383.05	1	11064
1	817.64	383.11	1	11068
1	819.97	382.63	1	11072
1	819.96	382.34	1	11076
1	821.54	382.33	1	11080
1	820.22	383.47	1	11084
1	821.06	383.47	1	11088
1	821.94	384.36	1	11092
1	821.28	382.79	1	11096
1	821.8	384.34	1	11100
1	821.59	383.97	1	11104
1	814.21	387.78	1	11108
1	795.03	398.4	1	11112
1	750.32	418.67	1	11116
1	701.64	465.08	1	11120
1	703.47	473.4	1	11124
1	693.18	484.88	1	11128
1	688.99	493.68	1	11132
1	682.69	497.38	1	11136
1	686.95	498.12	1	11140
1	686.74	497.63	1	11144
1	686.56	497.03	1	11148
1	686.69	500	1	11152
1	686.22	503.29	1	11156
1	684.84	502.92	1	11160
1	684.71	504.65	1	11164
1	684.12	507.28	1	11168
1	683.7	506.93	1	11172
1	684.45	506.56	1	11176
1	685.39	506.85	1	11180
1	684.42	507.02	1	11184
1	684.64	507.9	1	11188
1	683.69	509.6	1	11192
1	683.36	508.62	1	11196
1	683.47	508.61	1	11200
1	681.96	509.38	1	11204
1	680.05	510.32	1	11208
1	681.5	511.02	1	11212
1	680.11	511.3	1	11216
1	680.3	510.87	1	11220
1	679.15	511.03	1	11224
1	677.55	511.67	1	11228
1	676.66	511.56	1	11232
1	677.4	509.54	1	11236
1	676.61	511.38	1	11240
1	675.63	511.06	1	11244
1	677.07	511.13	1	11248
1	679.84	510.12	1	11252
1	679.91	508.76	1	11256
1	678.16	508.26	1	11260
1	679.66	509.32	1	11264
1	679.98	509.38	1	11268
1	678.84	510.35	1	11272
1	680.01	509.75	1	11276
1	679.63	509.81	1	11280
1	679.8	509.23	1	11284
1	679.14	509.5	1	11288
1	677.84	508.53	1	11292
1	676.91	508.87	1	11296
1	676.36	509.37	1	11300
1	676.38	510.24	1	11304
1	675.9	509.59	1	11308
1	675.26	507.68	1	11312
1	675.67	508.47	1	11316
1	675.79	508.97	1	11320
1	673.24	508.94	1	11324
1	672.53	509.12	1	11328
1	672.17	508.97	1	11332
1	673.43	508.37	1	11336
1	673.08	506.89	1	11340
1	673.23	505.53	1	11344
1	673.93	506.29	1	11348
1	673.71	506.04	1	11352
1	674.23	506.42	1	11356
1	674.94	505.16	1	11360
1	673.74	504.73	1	11364
1	675.16	504.71	1	11368
1	676.46	504.85	1	11372
1	676.63	505.42	1	11376
1	679.26	505.65	1	11380
1	688.59	506.48	1	11384
1	706.44	507.53	1	11388
1	717.15	508.41	1	11392
1	718.01	509.05	1	11396
1	733.44	510.76	1	11400
1	733.53	511.69	1	11404
1	733.03	513.55	1	11408
1	739.9	514.7	1	11412
1	739.98	515.61	1	11416
1	742.57	518.25	1	11420
1	743.99	519.21	1	11424
1	744.61	518.59	1	11428
1	744.76	520.45	1	11432
1	745.79	521.73	1	11436
1	746.35	519.72	1	11440
1	745.39	521.17	1	11444
1	745.78	521.58	1	11448
1	746.54	521.68	1	11452
1	744.95	521.55	1	11456
1	745.71	522.16	1	11460
1	746.22	521.33	1	11464
1	746.5	520.76	1	11468
1	746.57	523.36	1	11472
1	747.07	523.43	1	11476
1	745.81	522.55	1	11480
1	745.61	523.24	1	11484
1	746.63	523.15	1	11488
1	747.11	522.9	1	11492
1	746.78	522.67	1	11496
1	746.98	523.71	1	11500
1	746.62	525.48	1	11504
1	746.16	525.39	1	11508
1	745.91	525.54	1	11512
1	746.24	525.42	1	11516
1	746.67	525.38	1	11520
1	747.36	525.22	1	11524
1	748.23	527.13	1	11528
1	748.37	527.01	1	11532
1	747.34	525.25	1	11536
1	748.52	526.49	1	11540
1	749.13	525.25	1	11544
1	749.51	525.58	1	11548
1	749.75	525.46	1	11552
1	748.95	524.23	1	11556
1	748.49	524.9	1	11560
1	749.12	525.08	1	11564
1	748.17	524.45	1	11568
1	746.75	524.01	1	11572
1	747.65	523.01	1	11576
1	747.23	523.05	1	11580
1	747.71	523.96	1	11584
1	746.89	524.1	1	11588
1	746.96	524.13	1	11592
1	747.29	524.54	1	11596
1	747.45	524.39	1	11600
1	747.47	524.9	1	11604
1	748.66	523.87	1	11608
1	747.32	524.77	1	11612
1	748.17	525.84	1	11616
1	747.68	526.53	1	11620
1	747.64	527.12	1	11624
1	747.3	526.06	1	11628
1	747.35	525.54	1	11632
1	746.14	526.51	1	11636
1	746.2	525.67	1	11640
1	744.95	527.18	1	11644
1	745.4	526.84	1	11648
1	744.43	525.08	1	11652
1	745.75	526.63	1	11656
1	745.88	526.83	1	11660
1	745.74	526.04	1	11664
1	745.75	526.48	1	11668
1	744.31	527.07	1	11672
1	744.15	528.26	1	11676
1	743.4	527.25	1	11680
1	743.98	529.17	1	11684
1	743.3	528.6	1	11688
1	742.76	529.37	1	11692
1	741.59	530.31	1	11696
1	742.01	531.03	1	11700
1	741.87	528.2	1	11704
1	740.68	531.09	1	11708
1	739.64	530.51	1	11712
1	740.03	531.01	1	11716
1	739.03	530.67	1	11720
1	740.86	530.33	1	11724
1	740.49	529.1	1	11728
1	741.73	529.5	1	11732
1	742.58	529.23	1	11736
1	744.45	529.65	1	11740
1	745.23	530.4	1	11744
1	744.82	531.31	1	11748
1	746.46	530.32	1	11752
1	747.71	530.63	1	11756
1	748.95	530.55	1	11760
1	749.92	529.98	1	11764
1	750.74	528.95	1	11768
1	751.21	529.28	1	11772
1	751.26	528.64	1	11776
1	751.19	527.56	1	11780
1	751.04	528.02	1	11784
1	750.43	527.99	1	11788
1	750.28	526.87	1	11792
1	749.41	526.28	1	11796
1	748.06	526.23	1	11800
1	747.32	526.77	1	11804
1	745.76	525.93	1	11808
1	745.08	526.75	1	11812
1	743.5	527.63	1	11816
1	742.15	527.85	1	11820
1	741.52	528.79	1	11824
1	740.8	528.31	1	11828
1	741.26	526.93	1	11832
1	741.51	528.5	1	11836
1	741.93	528.31	1	11840
1	743.02	528.26	1	11844
1	743.64	527.94	1	11848
1	748.26	529.92	1	11852
1	753.28	530.42	1	11856
1	764.63	529.88	1	11860
1	773.86	529.36	1	11864
1	783.62	529.35	1	11868
1	794.72	530.35	1	11872
1	793.65	530.01	1	11876
1	797.48	530.22	1	11880
1	794.24	530.25	1	11884
1	798.47	531.28	1	11888
1	802.39	530.92	1	11892
1	804.05	530.25	1	11896
1	806.33	531.06	1	11900
1	805.75	529.79	1	11904
1	807.24	530.87	1	11908
1	806.83	530.22	1	11912
1	806.49	529.45	1	11916
1	805.05	529.65	1	11920
1	806.09	529.46	1	11924
1	805.98	530.52	1	11928
1	806.56	529.11	1	11932
1	806.32	529.64	1	11936
1	806.43	529.59	1	11940
1	806.29	529.49	1	11944
1	806.99	528.94	1	11948
1	808.55	528.83	1	11952
1	808.49	527.76	1	11956
1	808.36	530.37	1	11960
1	810.1	530.51	1	11964
1	809.77	530.25	1	11968
1	810.99	529.15	1	11972
1	810.06	529.42	1	11976
1	810.79	529.54	1	11980
1	812.11	529.21	1	11984
1	812.93	528.36	1	11988
1	812.3	530.1	1	11992
1	812.19	530.5	1	11996
1	812.04	531.89	1	12000
1	811.49	530.56	1	12004
1	811.46	531.07	1	12008
1	811.68	531.5	1	12012
1	809.74	533.59	1	12016
1	810.87	533.69	1	12020
1	810.47	535.26	1	12024
1	810.71	534.05	1	12028
1	813.26	536.75	1	12032
1	822	537.93	1	12036
1	857.23	535.28	1	12040
1	875.38	536.24	1	12044
1	888.62	535.6	1	12048
1	894.4	536.36	1	12052
1	900.22	536.31	1	12056
1	904.47	537.22	1	12060
1	907.63	535.75	1	12064
1	908.64	536.69	1	12068
1	906.59	538.19	1	12072
1	907.95	538.03	1	12076
1	909.11	537.08	1	12080
1	911.55	539.12	1	12084
1	911.9	540.23	1	12088
1	913.44	541.01	1	12092
1	913.87	540.22	1	12096
1	914.1	540.97	1	12100
1	913.08	539.74	1	12104
1	912.55	540.93	1	12108
1	912.76	540.1	1	12112
1	914.01	540.18	1	12116
1	914.79	540.14	1	12120
1	915.01	540.26	1	12124
1	914.55	541.1	1	12128
1	915.17	540.25	1	12132
1	915.74	540.03	1	12136
1	915.66	540.52	1	12140
1	916.42	540.41	1	12144
1	916.29	540.8	1	12148
1	917.11	540.22	1	12152
1	916.44	540.41	1	12156
1	916.55	540.64	1	12160
1	916.09	540.89	1	12164
1	916.35	540.59	1	12168
1	917	539.77	1	12172
1	916.75	539.37	1	12176
1	915.74	537.95	1	12180
1	915.73	538.78	1	12184
1	914.33	538.34	1	12188
1	914.79	537.7	1	12192
1	912.78	537.31	1	12196
1	913.96	536.7	1	12200
1	913.17	535.46	1	12204
1	912.29	533.83	1	12208
1	912.5	534.13	1	12212
1	910.99	533.5	1	12216
1	911.84	533.68	1	12220
1	911.49	532.16	1	12224
1	911.1	530.69	1	12228
1	912.36	530.5	1	12232
1	912.21	530.66	1	12236
1	912.33	530.99	1	12240
1	913.23	530.56	1	12244
1	914.59	530.91	1	12248
1	915.71	531.31	1	12252
1	915	531.2	1	12256
1	915.76	531.57	1	12260
1	916.22	532.37	1	12264
1	916.91	534.2	1	12268
1	918.28	535.57	1	12272
1	917.76	535.16	1	12276
1	917.52	536.53	1	12280
1	917.54	537.33	1	12284
1	917.41	536.79	1	12288
1	916.32	538.31	1	12292
1	916.56	537.4	1	12296
1	916.68	538.71	1	12300
1	916.62	537.71	1	12304
1	916.07	537.24	1	12308
1	915.86	536.88	1	12312
1	915.52	536.17	1	12316
1	915.57	536.87	1	12320
1	915.46	536.16	1	12324
1	915.44	533.95	1	12328
1	915.89	534.33	1	12332
1	916.12	533.3	1	12336
1	917.59	534.5	1	12340
1	921.7	534.1	1	12344
1	926.95	534.25	1	12348
1	939.77	533.87	1	12352
1	956.34	533.87	1	12356
1	966	533.08	1	12360
1	972.72	532.49	1	12364
1	983.42	532.8	1	12368
1	980.89	533.59	1	12372
1	988.52	534.42	1	12376
1	985.99	534.37	1	12380
1	987.6	533.18	1	12384
1	990.1	533.3	1	12388
1	992	532.62	1	12392
1	992.67	531.2	1	12396
1	993.64	532.19	1	12400
1	995.43	531.93	1	12404
1	996.13	530.66	1	12408
1	996.14	531.08	1	12412
1	996.22	530.77	1	12416
1	995.85	530.65	1	12420
1	996.28	531.32	1	12424
1	997.47	531.62	1	12428
1	998.42	531.52	1	12432
1	998.06	531.3	1	12436
1	998.76	533.34	1	12440
1	998.83	532.27	1	12444
1	998.74	532.03	1	12448
1	997.8	533.08	1	12452
1	997.5	532.82	1	12456
1	996.8	532.94	1	12460
1	996.71	533.02	1	12464
1	996.7	532.81	1	12468
1	995.93	533.36	1	12472
1	995.29	533.32	1	12476
1	995.37	533.75	1	12480
1	994.12	533.21	1	12484
1	995.23	535.3	1	12488
1	994.42	533.93	1	12492
1	994.26	535.63	1	12496
1	994.41	534.92	1	12500
1	994.58	535.81	1	12504
1	993.98	534.31	1	12508
1	993.81	535.67	1	12512
1	991.96	534.86	1	12516
1	992.58	533.97	1	12520
1	991.92	533.96	1	12524
1	992.11	533.87	1	12528
1	990.57	533.55	1	12532
1	991.04	534.81	1	12536
1	991.32	535.05	1	12540
1	990.58	534.34	1	12544
1	991.27	534.81	1	12548
1	990.64	534.49	1	12552
1	989.49	533.45	1	12556
1	990.11	534.56	1	12560
1	990.36	534.73	1	12564
1	991.36	534.73	1	12568
1	991.16	534.8	1	12572
1	991.74	534.58	1	12576
1	990.51	536.21	1	12580
1	991.48	534.06	1	12584
1	990.6	534.27	1	12588
1	989.45	536.14	1	12592
1	990.14	534.61	1	12596
1	991.19	537.09	1	12600
1	992.28	534.81	1	12604
1	991.55	535.54	1	12608
1	991.63	536.47	1	12612
1	992.53	537.02	1	12616
1	992.77	535.41	1	12620
1	994.23	534.45	1	12624
1	994.87	535.38	1	12628
1	996.62	535.54	1	12632
1	996.19	535.42	1	12636
1	995.9	533.93	1	12640
1	995.7	533.53	1	12644
1	996.23	533	1	12648
1	996.54	531.52	1	12652
1	996.21	528.73	1	12656
1	995.63	529.39	1	12660
1	995.66	529.2	1	12664
1	995.08	529.58	1	12668
1	994.79	529.85	1	12672
1	994.25	529.06	1	12676
1	994.48	529.21	1	12680
1	993.99	530.01	1	12684
1	994.63	530.03	1	12688
1	993.45	530.51	1	12692
1	994.16	530.81	1	12696
1	995.2	531.21	1	12700
1	995.26	531.12	1	12704
1	995.39	531.3	1	12708
1	994.21	530.86	1	12712
1	994.92	530.91	1	12716
1	994.26	531.86	1	12720
1	996.47	532.15	1	12724
1	1002.74	532.99	1	12728
1	1007.39	533.93	1	12732
1	1013.24	534.52	1	12736
1	1019.54	535	1	12740
1	1024.64	536.45	1	12744
1	1025.95	538.04	1	12748
1	1023.64	538.33	1	12752
1	1025.39	539.02	1	12756
1	1026.49	539.78	1	12760
1	1029.26	541.35	1	12764
1	1030.66	541.66	1	12768
1	1029.77	541.42	1	12772
1	1030.11	540.76	1	12776
1	1029.69	541.9	1	12780
1	1029.81	542.69	1	12784
1	1029.31	543.66	1	12788
1	1030.1	543.62	1	12792
1	1030.49	543.92	1	12796
1	1031.76	544.79	1	12800
1	1032.81	545.79	1	12804
1	1033.08	546.38	1	12808
1	1032.71	545.69	1	12812
1	1035.01	546.65	1	12816
1	1034.69	548.54	1	12820
1	1034.06	548.11	1	12824
1	1033.74	548.49	1	12828
1	1033.76	548.9	1	12832
1	1033.3	549.26	1	12836
1	1036.94	547.31	1	12840
1	1038.97	547.29	1	12844
1	1040.74	550.89	1	12848
1	1048.69	528.13	1	12852
1	1047.36	526.39	1	12856
1	1039.24	552.18	1	12860
1	1042.78	551.62	1	12864
1	1048.08	522.03	1	12868
1	1049.09	520.55	1	12872
1	1044.91	545.64	1	12876
1	1046.16	540.31	1	12880
1	1047.33	535.15	1	12884
1	1050.34	526.05	1	12888
1	1053.31	518.98	1	12892
1	1055.75	523.12	1	12896
1	1057.66	532.93	1	12900
1	1060.39	536.75	1	12904
1	1064.25	536.42	1	12908
1	1066.06	541.53	1	12912
1	1067.73	536.65	1	12916
1	1068.89	534.66	1	12920
1	1070.48	538.65	1	12924
1	1071.77	540.62	1	12928
1	1072.76	541.54	1	12932
1	1072.96	543.25	1	12936
1	1074.45	541.67	1	12940
1	1074.48	543.23	1	12944
1	1074.66	542.53	1	12948
1	1074.19	542.55	1	12952
1	1074.89	540.34	1	12956
1	1074.61	540.66	1	12960
1	1074.64	540.8	1	12964
1	1074.13	540.37	1	12968
1	1074.38	539.6	1	12972
1	1073.67	540.31	1	12976
1	1074.73	539.49	1	12980
1	1073.77	539.88	1	12984
1	1072.97	538.18	1	12988
1	1073.7	538.1	1	12992
1	1073.13	537.64	1	12996
1	1073.69	537.49	1	13000
1	1074.4	538.01	1	13004
1	1074.01	537.75	1	13008
1	1074.17	536.91	1	13012
1	1075.45	537.23	1	13016
1	1075.97	536.53	1	13020
1	1074.9	535.61	1	13024
1	1076.36	535.38	1	13028
1	1076.6	536.03	1	13032
1	1076.6	535.24	1	13036
1	1077.6	535.47	1	13040
1	1077.15	536.01	1	13044
1	1077.21	536.48	1	13048
1	1076.83	536.64	1	13052
1	1077.61	537.8	1	13056
1	1077.35	538.83	1	13060
1	1077.14	541.94	1	13064
1	1077.48	544.96	1	13068
1	1078.12	544.59	1	13072
1	1063.31	552.19	0	13076
1	0	0	0	13080
1	1027.89	805.82	0	13084
1	0	0	0	13088
1	0	0	0	13092
1	0	0	0	13096
1	0	0	0	13100
1	0	0	0	13104
1	0	0	0	13108
1	0	0	0	13112
1	0	0	0	13116
1	0	0	0	13120
1	0	0	0	13124
1	0	0	0	13128
1	0	0	0	13132
1	0	0	0	13136
1	0	0	0	13140
1	0	0	0	13144
1	0	0	0	13148
1	0	0	0	13152
1	0	0	0	13156
1	0	0	0	13160
1	0	0	0	13164
1	0	0	0	13168
1	0	0	0	13172
1	0	0	0	13176
1	0	0	0	13180
1	0	0	0	13184
1	0	0	0	13188
1	0	0	0	13192
1	0	0	0	13196
1	0	0	0	13200
1	0	0	0	13204
1	0	0	0	13208
1	0	0	0	13212
1	0	0	0	13216
1	0	0	0	13220
1	1069.25	621.3	0	13224
1	0	0	0	13228
1	1114.29	559.18	0	13232
1	1136.17	549.14	0	13236
1	1127.62	540.1	0	13240
1	1130.56	489.95	0	13244
1	1123.66	474.25	0	13248
1	1119.95	464.4	0	13252
1	1110.5	495.53	0	13256
1	1111.59	513.99	0	13260
1	1113.83	519.51	0	13264
1	1120.12	516.61	0	13268
1	1123.94	525.07	0	13272
1	1110.89	531.61	1	13276
1	1119.83	525.29	0	13280
1	1116.28	529.48	0	13284
1	1118.75	532	0	13288
1	1116.64	532.49	0	13292
1	1110.83	523.1	1	13296
1	1112.08	513.04	1	13300
1	1114.11	499.32	1	13304
1	1119	500.67	1	13308
1	1117.21	500.16	1	13312
1	1119.11	501.99	1	13316
1	1123.16	512.62	1	13320
1	1124.14	519.24	1	13324
1	1123.5	517.2	1	13328
1	1123.56	525.04	1	13332
1	1124.58	522.34	1	13336
1	1127.9	524.06	1	13340
1	1125.49	525.98	1	13344
1	1128.53	527.55	1	13348
1	1129.44	528	1	13352
1	1130.3	529.33	1	13356
1	1131.75	530.24	1	13360
1	1129.01	531.88	1	13364
1	1128.98	531.47	1	13368
1	1131.94	530.43	1	13372
1	1133.23	530.01	1	13376
1	1133.67	529.02	1	13380
1	1132.43	529.86	1	13384
1	1133.79	529.96	1	13388
1	1135.12	530.46	1	13392
1	1133.74	529.53	1	13396
1	1133.12	530.47	1	13400
1	1133.16	530.14	1	13404
1	1133.89	530.39	1	13408
1	1134.71	529.66	1	13412
1	1134.63	530.87	1	13416
1	1134.24	531.3	1	13420
1	1134.47	531.95	1	13424
1	1135.4	532.09	1	13428
1	1136.77	532.67	1	13432
1	1136.18	532.25	1	13436
1	1136.27	532.82	1	13440
1	1137.73	532.57	1	13444
1	1137.7	532.33	1	13448
1	1140.04	532.22	1	13452
1	1139.97	532.76	1	13456
1	1137.54	532.67	1	13460
1	1139.64	532.62	1	13464
1	1141.16	532.07	1	13468
1	1140.49	531.54	1	13472
1	1140.02	530.69	1	13476
1	1139.42	530.67	1	13480
1	1140.4	529.83	1	13484
1	1140.18	529.99	1	13488
1	1140.29	529.09	1	13492
1	1137.6	528.57	1	13496
1	1136.79	527.75	1	13500
1	1134.15	529.67	1	13504
1	1156.47	516.65	1	13508
1	1153.3	516.17	1	13512
1	1153.22	518.06	1	13516
1	1132.4	531.71	1	13520
1	1132.51	532.89	1	13524
1	1132.87	532.78	1	13528
1	1129.74	533.75	1	13532
1	1130.38	534.81	1	13536
1	1127.36	535.96	1	13540
1	1126.64	535.02	1	13544
1	1124.89	536.2	1	13548
1	1124.89	536.22	1	13552
1	1127.33	537.47	1	13556
1	1127.11	537.09	1	13560
1	1128.37	536.78	1	13564
1	1126.71	536.23	1	13568
1	1127.01	536.12	1	13572
1	1125.91	535.91	1	13576
1	1126.45	535.64	1	13580
1	1126.39	535.46	1	13584
1	1127.4	535.99	1	13588
1	1126.76	534.35	1	13592
1	1126.65	534.93	1	13596
1	1125.34	534.21	1	13600
1	1123.89	534.62	1	13604
1	1122.45	534.28	1	13608
1	1123.67	534.71	1	13612
1	1122.91	535.25	1	13616
1	1123.73	535.28	1	13620
1	1122.62	536	1	13624
1	1122.38	536.57	1	13628
1	1123.34	538.23	1	13632
1	1123.84	537.81	1	13636
1	1123.12	536.29	1	13640
1	1124.74	538.41	1	13644
1	1124.92	538.86	1	13648
1	1125.78	539.57	1	13652
1	1126.78	540.21	1	13656
1	1126.95	538.57	1	13660
1	1126.35	538.06	1	13664
1	1126.56	538.3	1	13668
1	1126.83	537.09	1	13672
1	1126.44	535.52	1	13676
1	1126.84	534.09	1	13680
1	1127.31	534.18	1	13684
1	1127.19	534.36	1	13688
1	1127.67	532.73	1	13692
1	1128.04	531.89	1	13696
1	1127	531.08	1	13700
1	1126.87	531.89	1	13704
1	1126.74	532.89	1	13708
1	1125.28	533.7	1	13712
1	1120.38	533.99	1	13716
1	1066.83	535.9	1	13720
1	1017.37	538.78	1	13724
1	971.39	545.65	1	13728
1	924.17	553.53	1	13732
1	897.45	552.17	1	13736
1	869.21	557.58	1	13740
1	836.39	559.27	1	13744
1	807.17	565.01	1	13748
1	795.57	565.77	1	13752
1	786.63	568.26	1	13756
1	776.65	571.01	1	13760
1	772.53	574.33	1	13764
1	767.76	574.99	1	13768
1	765.87	575.52	1	13772
1	763.55	575.27	1	13776
1	763.19	575.81	1	13780
1	762.8	575.85	1	13784
1	761.89	575.83	1	13788
1	759.08	575.77	1	13792
1	756.79	576.16	1	13796
1	756.19	575.4	1	13800
1	754.49	575.37	1	13804
1	754.41	576.29	1	13808
1	754.05	574.09	1	13812
1	753.94	574.56	1	13816
1	754.18	575.83	1	13820
1	752.71	576.58	1	13824
1	752.8	575.49	1	13828
1	751.57	575.46	1	13832
1	750.59	575.94	1	13836
1	750.31	576.75	1	13840
1	750.27	577.05	1	13844
1	751.88	577.87	1	13848
1	750.72	576.02	1	13852
1	750.81	578.57	1	13856
1	749.36	578.69	1	13860
1	747.87	578.53	1	13864
1	748.38	577.03	1	13868
1	746.89	578.45	1	13872
1	751.85	578.41	1	13876
1	752.98	577.37	1	13880
1	752.69	575.91	1	13884
1	757.98	570.67	1	13888
1	756.94	568.87	1	13892
1	757.64	567.68	1	13896
1	752.01	565.83	1	13900
1	755.99	564.91	1	13904
1	749.67	564.37	1	13908
1	736.46	563.25	1	13912
1	719.87	563.49	1	13916
1	698.63	561.4	1	13920
1	686.27	561.41	1	13924
1	684.22	561.8	1	13928
1	682.21	562.62	1	13932
1	678.56	564.87	1	13936
1	673.68	563.16	1	13940
1	674.07	564.59	1	13944
1	672.07	565.1	1	13948
1	668.95	564.73	1	13952
1	668.8	564.56	1	13956
1	665.94	564.37	1	13960
1	665.1	563.72	1	13964
1	665.47	563.36	1	13968
1	664.87	564.24	1	13972
1	665.21	561.94	1	13976
1	665.9	561.42	1	13980
1	666.34	560.76	1	13984
1	666.69	560.89	1	13988
1	665.97	560.97	1	13992
1	665.3	561.87	1	13996
1	665.99	561.39	1	14000
1	665.95	561.75	1	14004
1	666.38	563.41	1	14008
1	666.9	563.04	1	14012
1	665.87	561.6	1	14016
1	665.82	564.14	1	14020
1	664	563.19	1	14024
1	663.8	564.86	1	14028
1	663.72	566.11	1	14032
1	663.76	564.73	1	14036
1	664.03	563.79	1	14040
1	664.68	563.13	1	14044
1	663.95	564.18	1	14048
1	663.13	563.5	1	14052
1	663.2	563.8	1	14056
1	663.73	563.93	1	14060
1	663.72	562.61	1	14064
1	665.29	561.02	1	14068
1	665.3	558.64	1	14072
1	664.58	558.29	1	14076
1	665.26	558	1	14080
1	665.6	557.46	1	14084
1	665.23	556.14	1	14088
1	665.57	555.11	1	14092
1	666.02	555.66	1	14096
1	665.99	556.39	1	14100
1	664.31	555.55	1	14104
1	664.95	556.38	1	14108
1	664.01	556.78	1	14112
1	664.22	557.41	1	14116
1	664.31	557.6	1	14120
1	664.13	556.87	1	14124
1	662.67	556.55	1	14128
1	665.1	558.58	1	14132
1	667.6	557.66	1	14136
1	687.5	556.82	1	14140
1	707.52	556.94	1	14144
1	723.59	555.48	1	14148
1	743.77	554.79	1	14152
1	751.25	553.7	1	14156
1	747.5	553.48	1	14160
1	751.03	552.53	1	14164
1	751.88	553.98	1	14168
1	754.12	554.49	1	14172
1	755.53	551.82	1	14176
1	754.78	552.82	1	14180
1	757.19	551.98	1	14184
1	758.92	552.05	1	14188
1	759.5	552.98	1	14192
1	759.25	553.62	1	14196
1	758.91	554.88	1	14200
1	759.41	554.54	1	14204
1	759.89	554.18	1	14208
1	760.02	554.01	1	14212
1	759.67	555.49	1	14216
1	760.29	556.59	1	14220
1	761.95	556.81	1	14224
1	761.57	558.02	1	14228
1	761.74	558.46	1	14232
1	762.65	558.23	1	14236
1	763.3	558.83	1	14240
1	763.46	558.47	1	14244
1	764.66	559.03	1	14248
1	763.87	559.09	1	14252
1	762.77	561.57	1	14256
1	764.26	561.14	1	14260
1	762.82	561.01	1	14264
1	764.95	561.11	1	14268
1	762.71	561.44	1	14272
1	762.51	561.81	1	14276
1	761.88	563.18	1	14280
1	762.25	562.45	1	14284
1	760.93	563.06	1	14288
1	757.62	561.86	1	14292
1	756.6	561.95	1	14296
1	754.15	560.88	1	14300
1	751.85	559.93	1	14304
1	752.11	559.19	1	14308
1	750.78	558.46	1	14312
1	749.12	557.51	1	14316
1	749.12	555.46	1	14320
1	748.03	553.24	1	14324
1	748.41	552.99	1	14328
1	746.37	551.48	1	14332
1	747.01	549.79	1	14336
1	747.02	549.32	1	14340
1	745.57	549.63	1	14344
1	747.15	546.78	1	14348
1	746.28	545.87	1	14352
1	745.26	546.21	1	14356
1	771.93	535.59	1	14360
1	747.27	545.32	1	14364
1	749.68	544.31	1	14368
1	747.92	545.04	1	14372
1	743.22	544.76	1	14376
1	736.61	545.1	1	14380
1	733.89	545.57	1	14384
1	732.5	546.74	1	14388
1	726.76	547.43	1	14392
1	724.65	550.08	1	14396
1	724.13	551.14	1	14400
1	723.45	551.74	1	14404
1	720.8	554.18	1	14408
1	720.05	556.07	1	14412
1	718.58	557.38	1	14416
1	718.11	560.52	1	14420
1	719	560.06	1	14424
1	719.48	561.38	1	14428
1	719.68	560.06	1	14432
1	720.31	559.96	1	14436
1	722.83	560.5	1	14440
1	720.34	559.74	1	14444
1	722.34	559.21	1	14448
1	723.37	557.39	1	14452
1	723.6	558.36	1	14456
1	725.22	557.6	1	14460
1	726.12	556.53	1	14464
1	725.07	556.2	1	14468
1	726.15	556.14	1	14472
1	726.13	556.84	1	14476
1	727.41	558.43	1	14480
1	727.12	557.72	1	14484
1	726.94	558.53	1	14488
1	726.62	557.17	1	14492
1	727	558	1	14496
1	727.1	557.93	1	14500
1	726.36	559.28	1	14504
1	726.23	559.65	1	14508
1	726.36	561.49	1	14512
1	728.08	560.33	1	14516
1	727.16	559.57	1	14520
1	725.35	559.46	1	14524
1	724.02	558.86	1	14528
1	723.99	558.33	1	14532
1	722.12	559.46	1	14536
1	721.91	559.11	1	14540
1	722.99	557.75	1	14544
1	721.56	556.71	1	14548
1	722.79	556.34	1	14552
1	720.45	555.37	1	14556
1	720.13	554.29	1	14560
1	720.35	554.56	1	14564
1	720.55	554.78	1	14568
1	720.59	554.22	1	14572
1	721.75	554.64	1	14576
1	721.44	554.13	1	14580
1	721.65	555.06	1	14584
1	720.74	557.64	1	14588
1	721.79	556.81	1	14592
1	721.19	557.63	1	14596
1	722.37	557.24	1	14600
1	722.47	557.38	1	14604
1	721.64	556.75	1	14608
1	721.91	557.56	1	14612
1	723.36	557.74	1	14616
1	724.23	557.27	1	14620
1	724.96	557.24	1	14624
1	725.59	558.35	1	14628
1	725.57	557.89	1	14632
1	726.17	560.11	1	14636
1	727.01	560.75	1	14640
1	727.89	560.66	1	14644
1	728.13	560.85	1	14648
1	728.79	562.85	1	14652
1	729.78	562.51	1	14656
1	729.23	563.25	1	14660
1	729.07	562.73	1	14664
1	729.13	563.33	1	14668
1	725.79	562.27	1	14672
1	719.24	561.28	1	14676
1	694.72	559.34	1	14680
1	681	558.41	1	14684
1	684.15	558.57	1	14688
1	677.49	559.25	1	14692
1	677.19	558	1	14696
1	674.31	558.96	1	14700
1	676.5	557.76	1	14704
1	674.96	558.84	1	14708
1	672.7	558.61	1	14712
1	668.91	558.49	1	14716
1	666.38	558.25	1	14720
1	665.36	559.68	1	14724
1	669.3	559.42	1	14728
1	669.02	558.44	1	14732
1	670.22	557.61	1	14736
1	669.46	557.34	1	14740
1	671.2	555.35	1	14744
1	670.63	555.31	1	14748
1	670.28	554.87	1	14752
1	669.78	554.09	1	14756
1	670.78	552.73	1	14760
1	670.29	553.14	1	14764
1	671.09	552.21	1	14768
1	670.54	551.15	1	14772
1	671.23	552.29	1	14776
1	671.3	551.63	1	14780
1	671.88	552.12	1	14784
1	670.82	553.48	1	14788
1	669.9	554.76	1	14792
1	670.93	554.8	1	14796
1	670.31	554.78	1	14800
1	670.25	554.52	1	14804
1	671.28	555.59	1	14808
1	671.51	555.48	1	14812
1	672.94	556.9	1	14816
1	672.05	557.12	1	14820
1	672.07	555.52	1	14824
1	672.26	555.61	1	14828
1	673.82	555.06	1	14832
1	674.02	553.65	1	14836
1	674.03	552.31	1	14840
1	673.87	554.27	1	14844
1	672.5	554.28	1	14848
1	672.73	554.89	1	14852
1	673.03	554.7	1	14856
1	670.91	554.6	1	14860
1	671.03	553.94	1	14864
1	672.6	554.4	1	14868
1	669.33	556.18	1	14872
1	670.64	556.81	1	14876
1	670.34	556.63	1	14880
1	670.44	557.49	1	14884
1	671.86	555.9	1	14888
1	674.2	556.67	1	14892
1	681.41	555.94	1	14896
1	692.87	555.78	1	14900
1	736.86	554.42	1	14904
1	756.31	551.82	1	14908
1	764.16	550.67	1	14912
1	768.19	551.8	1	14916
1	770.98	551.79	1	14920
1	773.37	552.79	1	14924
1	770.94	552.79	1	14928
1	770.37	552.52	1	14932
1	771.8	552.64	1	14936
1	772.68	552.98	1	14940
1	774.49	553.07	1	14944
1	775.26	555.72	1	14948
1	775.31	555.98	1	14952
1	775.16	559.12	1	14956
1	774.01	557.06	1	14960
1	772.92	557.83	1	14964
1	771.75	557.6	1	14968
1	772.55	557.01	1	14972
1	773.3	560.15	1	14976
1	773.71	561.46	1	14980
1	774.44	560.42	1	14984
1	774.6	561.52	1	14988
1	774.62	559.52	1	14992
1	775.73	560.58	1	14996
1	776.39	559.63	1	15000
1	777.75	560.35	1	15004
1	779.22	560.15	1	15008
1	779.19	560.22	1	15012
1	779.25	559.34	1	15016
1	780.53	558.74	1	15020
1	778.44	558.94	1	15024
1	780.11	557.59	1	15028
1	779.33	557.84	1	15032
1	779.68	559.11	1	15036
1	779.34	559.25	1	15040
1	778.48	558.07	1	15044
1	777.21	558.55	1	15048
1	778.06	557.91	1	15052
1	778.27	557.16	1	15056
1	779.29	558.22	1	15060
1	778.58	558.78	1	15064
1	779.94	557.12	1	15068
1	780.31	557.6	1	15072
1	781.51	556.39	1	15076
1	782.26	556.05	1	15080
1	781.86	555.75	1	15084
1	781.98	556.35	1	15088
1	780.88	552.83	1	15092
1	780.59	546.15	1	15096
1	780.99	534.53	1	15100
1	780.27	535.88	1	15104
1	781.53	528.87	1	15108
1	779.83	531.38	1	15112
1	779.03	530.22	1	15116
1	778.56	529.48	1	15120
1	778.91	525.85	1	15124
1	778.44	522.42	1	15128
1	776.98	521.87	1	15132
1	778.47	519.98	1	15136
1	778.88	520.07	1	15140
1	777.66	521.16	1	15144
1	778.18	521.35	1	15148
1	776.99	521.38	1	15152
1	776.96	521.69	1	15156
1	776.66	521.52	1	15160
1	777.05	520.56	1	15164
1	777.52	520.84	1	15168
1	778.53	522.09	1	15172
1	778.28	521.98	1	15176
1	777.66	522.93	1	15180
1	777.72	524.33	1	15184
1	777.12	524.93	1	15188
1	776.79	526.79	1	15192
1	777.12	528.83	1	15196
1	777.95	527.44	1	15200
1	777.18	528.9	1	15204
1	776	529.11	1	15208
1	775.1	528.86	1	15212
1	774.46	528.48	1	15216
1	773.93	528.24	1	15220
1	775.67	527.78	1	15224
1	775.1	526.2	1	15228
1	775.7	526.48	1	15232
1	777.1	526.3	1	15236
1	776.95	525.29	1	15240
1	776.64	524.68	1	15244
1	776.06	524.92	1	15248
1	777.47	525.19	1	15252
1	777.13	525.27	1	15256
1	777.06	525.06	1	15260
1	776.97	526.11	1	15264
1	776.59	526.44	1	15268
1	777.31	525.94	1	15272
1	776.78	527.01	1	15276
1	775.07	526.08	1	15280
1	776.59	527.34	1	15284
1	775.18	528	1	15288
1	774.96	527.26	1	15292
1	774.81	525.54	1	15296
1	773.79	524.89	1	15300
1	773.85	525.18	1	15304
1	775.11	523.91	1	15308
1	774.43	523.1	1	15312
1	773.29	522.75	1	15316
1	774.16	522.88	1	15320
1	775.51	522	1	15324
1	774.32	521.26	1	15328
1	773.97	520.63	1	15332
1	775.86	521.18	1	15336
1	774.88	521.61	1	15340
1	776.82	522.24	1	15344
1	777.43	523.66	1	15348
1	776.05	524.11	1	15352
1	776.32	523.66	1	15356
1	778.61	523.48	1	15360
1	777.8	523.66	1	15364
1	777.29	524.32	1	15368
1	777.94	524.99	1	15372
1	778.42	525.03	1	15376
1	779	525.61	1	15380
1	779.7	526.19	1	15384
1	779.59	526.07	1	15388
1	778.92	525.62	1	15392
1	780.1	526.46	1	15396
1	779.91	526.57	1	15400
1	778.35	527.98	1	15404
1	778.43	527.44	1	15408
1	777.34	530.06	1	15412
1	777.68	526.77	1	15416
1	777.09	530.51	1	15420
1	779.03	532.42	1	15424
1	780.9	534.94	1	15428
1	790.85	541.31	1	15432
1	794.03	544.94	1	15436
1	803.02	547.9	1	15440
1	805.93	551.49	1	15444
1	806.5	556.69	1	15448
1	810.81	557.88	1	15452
1	813.41	559.04	1	15456
1	812.82	561.98	1	15460
1	815.25	563.85	1	15464
1	815.97	565.8	1	15468
1	817.86	567.34	1	15472
1	816.78	568.13	1	15476
1	815.96	569.23	1	15480
1	815.38	569.88	1	15484
1	814.71	570.2	1	15488
1	814.61	569.66	1	15492
1	813.93	570.66	1	15496
1	814.37	570.51	1	15500
1	815.07	570.99	1	15504
1	814.18	572.52	1	15508
1	813.65	571.81	1	15512
1	812.88	572.31	1	15516
1	815.76	572.39	1	15520
1	814.47	572.53	1	15524
1	815.35	572.95	1	15528
1	814.49	573.14	1	15532
1	814.21	572.98	1	15536
1	815.44	573.08	1	15540
1	813.14	573.51	1	15544
1	812.72	574.07	1	15548
1	813.19	572.18	1	15552
1	812.97	572.58	1	15556
1	813.03	573.8	1	15560
1	811.54	574.41	1	15564
1	812.57	574.7	1	15568
1	812.6	574.18	1	15572
1	812.6	574.02	1	15576
1	812.95	574.66	1	15580
1	811.2	575.73	1	15584
1	780.98	575.62	1	15588
1	731.47	576.08	1	15592
1	691.59	575.17	1	15596
1	679.32	572.5	1	15600
1	669.43	569.33	1	15604
1	668.27	565.97	1	15608
1	666.21	560.86	1	15612
1	668.32	557.96	1	15616
1	672.02	555.87	1	15620
1	667.89	551.57	1	15624
1	668.71	550.68	1	15628
1	667.4	547.78	1	15632
1	666.68	545.9	1	15636
1	665.65	544.41	1	15640
1	664.6	543.25	1	15644
1	664.38	541.94	1	15648
1	665.31	540.57	1	15652
1	665.7	540.38	1	15656
1	665.83	540.73	1	15660
1	664.44	540.72	1	15664
1	663.72	541.33	1	15668
1	663.33	542.23	1	15672
1	662.73	541.84	1	15676
1	663.55	540.61	1	15680
1	662.92	540.26	1	15684
1	664.63	540.64	1	15688
1	664.99	542.33	1	15692
1	664.32	542.97	1	15696
1	664.2	544.54	1	15700
1	664.26	543.22	1	15704
1	667.2	541.06	1	15708
1	666.12	539.38	1	15712
1	666.64	536.78	1	15716
1	666.97	536.38	1	15720
1	667.63	534.99	1	15724
1	668.46	534.29	1	15728
1	669.39	533.88	1	15732
1	667.38	531.84	1	15736
1	668.34	528.44	1	15740
1	668.15	526.06	1	15744
1	665.96	525.79	1	15748
1	663.96	526.08	1	15752
1	662.16	527.15	1	15756
1	661.3	526.02	1	15760
1	661.29	524.01	1	15764
1	659.99	524.08	1	15768
1	657.88	527.05	1	15772
1	657.15	525.77	1	15776
1	655.89	525.65	1	15780
1	656.02	526.47	1	15784
1	655.93	528.26	1	15788
1	654.76	528.67	1	15792
1	654.49	528.57	1	15796
1	654.6	529.41	1	15800
1	654.36	529.25	1	15804
1	655.1	530.71	1	15808
1	658	532.37	1	15812
1	657.73	529.9	1	15816
1	658.53	530.36	1	15820
1	658.3	531.09	1	15824
1	660.05	530.56	1	15828
1	659.55	530.49	1	15832
1	660.06	531.09	1	15836
1	659.96	531.15	1	15840
1	661.43	529.52	1	15844
1	661.77	531.08	1	15848
1	659.41	529.67	1	15852
1	659.24	528.41	1	15856
1	658.04	530.53	1	15860
1	658.38	531.5	1	15864
1	659.08	530.65	1	15868
1	657.94	532.05	1	15872
1	659.29	532.38	1	15876
1	659.31	534.02	1	15880
1	659.02	534.94	1	15884
1	659.35	536.8	1	15888
1	662.97	537.36	1	15892
1	673.7	538.46	1	15896
1	692.88	539.61	1	15900
1	694.58	542.45	1	15904
1	701.79	542.76	1	15908
1	705.13	542.92	1	15912
1	711.19	544.22	1	15916
1	713.8	545.91	1	15920
1	712.91	545.58	1	15924
1	715.59	546.23	1	15928
1	716.22	545.24	1	15932
1	716.38	546.19	1	15936
1	717.87	547.36	1	15940
1	717.46	547.23	1	15944
1	718.2	548.14	1	15948
1	716.71	548.28	1	15952
1	717.81	547.67	1	15956
1	715.55	547.99	1	15960
1	716.09	547.08	1	15964
1	715.84	547.94	1	15968
1	713.81	546.64	1	15972
1	715.19	547.42	1	15976
1	715.66	547.25	1	15980
1	716.96	546.76	1	15984
1	717.76	547.32	1	15988
1	717.93	545.56	1	15992
1	717.03	545.12	1	15996
1	718.58	543.54	1	16000
1	717.66	543.27	1	16004
1	719.72	542.59	1	16008
1	718.69	542.19	1	16012
1	720.15	541.66	1	16016
1	720.38	540.82	1	16020
1	722.86	539.99	1	16024
1	722.64	539.71	1	16028
1	723.32	539.13	1	16032
1	719.92	539.61	1	16036
1	720.08	539.72	1	16040
1	721.41	540.29	1	16044
1	721.32	540.95	1	16048
1	720.94	540.3	1	16052
1	720.09	540.84	1	16056
1	719.51	539.98	1	16060
1	721.18	540.99	1	16064
1	718.21	541.89	1	16068
1	717.61	541.9	1	16072
1	714.97	542.6	1	16076
1	715.71	543.22	1	16080
1	715.09	541.72	1	16084
1	715.38	542.24	1	16088
1	714.23	541.04	1	16092
1	713.36	542.46	1	16096
1	713.39	542.74	1	16100
1	713.63	543.42	1	16104
1	712.03	543.55	1	16108
1	711.69	544.97	1	16112
1	711.59	545.35	1	16116
1	712.02	546.16	1	16120
1	712.54	546.11	1	16124
1	712.68	546.03	1	16128
1	712.08	547.01	1	16132
1	711.63	547.88	1	16136
1	711.78	548.56	1	16140
1	711.45	548.26	1	16144
1	712.79	548.81	1	16148
1	711.66	548.9	1	16152
1	712.31	548.01	1	16156
1	712.4	548.73	1	16160
1	712.04	548.19	1	16164
1	712.63	548.76	1	16168
1	711.7	549.65	1	16172
1	713.26	549.02	1	16176
1	715.93	548.85	1	16180
1	715.54	547.25	1	16184
1	715.7	548.05	1	16188
1	717.36	547.33	1	16192
1	718.3	547.37	1	16196
1	717.04	546.69	1	16200
1	715.1	545.17	1	16204
1	717.01	545.04	1	16208
1	715.2	545.15	1	16212
1	714.95	543.65	1	16216
1	712.92	544.64	1	16220
1	712.94	543.65	1	16224
1	711.24	544.24	1	16228
1	712.79	544.26	1	16232
1	712.37	544.73	1	16236
1	711.86	545.1	1	16240
1	712.46	544.79	1	16244
1	712.26	545.49	1	16248
1	711.89	547.08	1	16252
1	710.95	547.03	1	16256
1	711.54	548.17	1	16260
1	711.4	548.53	1	16264
1	710.79	549.93	1	16268
1	711.59	550.46	1	16272
1	709.81	550.7	1	16276
1	709.95	551.31	1	16280
1	710.87	553.3	1	16284
1	712.82	554.26	1	16288
1	715.66	554.35	1	16292
1	718.95	555.84	1	16296
1	718.95	555.45	1	16300
1	721.45	554.83	1	16304
1	721.64	556.05	1	16308
1	724.81	554.94	1	16312
1	725.83	556.84	1	16316
1	727.53	558.43	1	16320
1	728.41	559.46	1	16324
1	727.76	559.45	1	16328
1	726.85	559.49	1	16332
1	726.11	560.15	1	16336
1	724.99	560.57	1	16340
1	725.72	561.21	1	16344
1	725.01	562.46	1	16348
1	725.14	562.87	1	16352
1	725.18	561.87	1	16356
1	724.2	562.8	1	16360
1	724.77	562.56	1	16364
1	725.44	562.2	1	16368
1	726.23	563.13	1	16372
1	726.71	564.2	1	16376
1	727.46	563.87	1	16380
1	727.3	563.11	1	16384
1	728.05	563.49	1	16388
1	728.6	563.1	1	16392
1	727.48	564.59	1	16396
1	728.51	564.66	1	16400
1	729.38	563.71	1	16404
1	729.63	563.24	1	16408
1	730.13	563.44	1	16412
1	730.92	562.21	1	16416
1	730.91	561.83	1	16420
1	729.74	562.51	1	16424
1	729.42	563.16	1	16428
1	731.24	560.98	1	16432
1	730.51	561.57	1	16436
1	731.79	560.22	1	16440
1	732.15	561.11	1	16444
1	732.12	563.19	1	16448
1	730.21	561.61	1	16452
1	726.58	563.74	1	16456
1	715.41	563.59	1	16460
1	683.17	564.35	1	16464
1	658.77	564.94	1	16468
1	660.15	565.45	1	16472
1	655.84	566.95	1	16476
1	656.65	566.18	1	16480
1	655.56	567.47	1	16484
1	659.37	566.22	1	16488
1	658.79	566.11	1	16492
1	655.32	567.04	1	16496
1	654.11	565.31	1	16500
1	653.01	565.17	1	16504
1	652.52	564.71	1	16508
1	653.58	564.7	1	16512
1	654.08	564.84	1	16516
1	655.2	563.67	1	16520
1	654.55	563.09	1	16524
1	654.78	562.91	1	16528
1	654.51	562.21	1	16532
1	654.41	562.03	1	16536
1	654.72	561.04	1	16540
1	655.89	561.15	1	16544
1	655.95	560.89	1	16548
1	657.9	560.53	1	16552
1	659.48	559.31	1	16556
1	661.01	557.41	1	16560
1	659.87	557.32	1	16564
1	659.04	557.87	1	16568
1	657.99	556.59	1	16572
1	659.02	559.15	1	16576
1	657.31	560.73	1	16580
1	658.25	559.18	1	16584
1	656.64	559.4	1	16588
1	657.89	560.01	1	16592
1	657.94	558.71	1	16596
1	654.52	560.3	1	16600
1	655.2	562.01	1	16604
1	655.62	561.96	1	16608
1	655.78	560.87	1	16612
1	657.27	562.52	1	16616
1	657.02	562.57	1	16620
1	657.59	561.43	1	16624
1	659.26	562.79	1	16628
1	657.79	564.58	1	16632
1	657.54	564.81	1	16636
1	654.93	566.91	1	16640
1	655.16	567.34	1	16644
1	666.87	541.69	1	16648
1	667.81	544.47	1	16652
1	671.83	545.89	1	16656
1	0	0	0	16660
1	0	0	0	16664
1	0	0	0	16668
1	0	0	0	16672
1	0	0	0	16676
1	0	0	0	16680
1	0	0	0	16684
1	0	0	0	16688
1	0	0	0	16692
1	0	0	0	16696
1	0	0	0	16700
1	0	0	0	16704
1	0	0	0	16708
1	0	0	0	16712
1	0	0	0	16716
1	0	0	0	16720
1	0	0	0	16724
1	0	0	0	16728
1	0	0	0	16732
1	0	0	0	16736
1	0	0	0	16740
1	0	0	0	16744
1	0	0	0	16748
1	0	0	0	16752
1	0	0	0	16756
1	0	0	0	16760
1	0	0	0	16764
1	0	0	0	16768
1	0	0	0	16772
1	0	0	0	16776
1	0	0	0	16780
1	0	0	0	16784
1	672.3	533.46	1	16788
1	0	0	0	16792
1	669.39	531.37	1	16796
1	668.33	527.24	1	16800
1	665.18	533.91	1	16804
1	661.57	557.3	1	16808
1	667.34	537.51	1	16812
1	662.61	532.2	1	16816
1	664.86	533.1	1	16820
1	660.44	535.94	1	16824
1	660.02	532.87	1	16828
1	658.11	534.25	1	16832
1	659.26	532.67	1	16836
1	657.93	534.15	1	16840
1	654.33	535.56	1	16844
1	658.96	535.48	1	16848
1	659.61	535.24	1	16852
1	659.03	534.76	1	16856
1	657.34	536.92	1	16860
1	655.32	538.4	1	16864
1	654.35	538.41	1	16868
1	656.01	539.67	1	16872
1	654.93	539.92	1	16876
1	655.33	539.18	1	16880
1	655.91	539.51	1	16884
1	654.78	540.25	1	16888
1	649.78	540.27	1	16892
1	647.84	540.21	1	16896
1	645.51	540.58	1	16900
1	643.15	543.96	1	16904
1	645.74	543.37	1	16908
1	643.67	547.89	1	16912
1	640.78	547.38	1	16916
1	639.66	550.43	1	16920
1	641.94	551.98	1	16924
1	640.74	551.01	1	16928
1	640.59	553.62	1	16932
1	641.56	554.82	1	16936
1	643.48	554.49	1	16940
1	644.96	555.17	1	16944
1	647.08	555.05	1	16948
1	646.93	554.95	1	16952
1	647.92	554.45	1	16956
1	648.97	555.5	1	16960
1	649.59	556.31	1	16964
1	650.2	555.31	1	16968
1	649.82	555.11	1	16972
1	649.98	554.93	1	16976
1	650.42	554.79	1	16980
1	649.9	554.41	1	16984
1	650.38	554.58	1	16988
1	649.63	554.43	1	16992
1	649.6	553.83	1	16996
1	650.52	553.46	1	17000
1	653.91	553.82	1	17004
1	653.69	551.82	1	17008
1	649.51	552.31	1	17012
1	650.44	553.66	1	17016
1	650.85	552.07	1	17020
1	651.13	551.72	1	17024
1	652.61	551.75	1	17028
1	652.03	551.25	1	17032
1	651.37	552.59	1	17036
1	651.77	552.43	1	17040
1	652.93	553.07	1	17044
1	650.57	553.17	1	17048
1	649.51	553.64	1	17052
1	649.48	554.95	1	17056
1	650.45	554.11	1	17060
1	651.12	554.28	1	17064
1	650.75	554.37	1	17068
1	651.06	554.12	1	17072
1	651.18	554.65	1	17076
1	651.75	555.01	1	17080
1	652.09	553.77	1	17084
1	651.13	553.47	1	17088
1	660.44	554.75	1	17092
1	703.92	554.84	1	17096
1	753.82	553.19	1	17100
1	781.01	553.84	1	17104
1	784.87	555.03	1	17108
1	808.1	532.83	1	17112
1	801.36	555.99	1	17116
1	811.12	557.24	1	17120
1	808.56	556.98	1	17124
1	808.99	558.64	1	17128
1	831.2	539.94	1	17132
1	830.15	543.65	1	17136
1	830	544.15	1	17140
1	832.49	546.26	1	17144
1	834.08	548.17	1	17148
1	833.95	548.01	1	17152
1	836.09	550.09	1	17156
1	813.14	565.9	1	17160
1	812.12	569.47	1	17164
1	809.51	570.67	1	17168
1	822.03	570.43	1	17172
1	825.59	571.28	1	17176
1	821.05	574.21	1	17180
1	828.72	574.22	1	17184
1	823.28	575.19	1	17188
1	830.03	575.21	1	17192
1	818.63	577.54	1	17196
1	818.85	579.69	1	17200
1	821.72	580.19	1	17204
1	836	561	1	17208
1	836.54	559.79	1	17212
1	836.9	560.43	1	17216
1	837.64	561.51	1	17220
1	838.07	560.18	1	17224
1	838.25	558.53	1	17228
1	839.36	560.56	1	17232
1	840.32	559.57	1	17236
1	841.04	559.32	1	17240
1	839.79	558.27	1	17244
1	839.6	557.95	1	17248
1	839.05	557.75	1	17252
1	839.18	557.12	1	17256
1	839	557.41	1	17260
1	838.64	556.89	1	17264
1	837.33	558.09	1	17268
1	835.95	559.92	1	17272
1	836.12	559.47	1	17276
1	834.07	558.48	1	17280
1	832.78	577.43	1	17284
1	836.92	577.6	1	17288
1	863.79	579.25	1	17292
1	902.1	581.39	1	17296
1	913.84	580.4	1	17300
1	918.23	577.74	1	17304
1	925.35	577.87	1	17308
1	928.6	578.15	1	17312
1	932.72	577.89	1	17316
1	933.88	576.58	1	17320
1	934.12	578.08	1	17324
1	936.65	579.92	1	17328
1	937.13	581.04	1	17332
1	938.77	580.05	1	17336
1	938.19	578.08	1	17340
1	939.29	579.73	1	17344
1	940.77	580.86	1	17348
1	940.21	582.71	1	17352
1	940.17	583.5	1	17356
1	939.86	584.05	1	17360
1	939.12	585.53	1	17364
1	939.94	585.98	1	17368
1	938.21	586.23	1	17372
1	938.23	586.25	1	17376
1	937.49	587.21	1	17380
1	936.53	588.16	1	17384
1	938.04	588.52	1	17388
1	938.24	588.12	1	17392
1	939.17	587.95	1	17396
1	938.86	588.01	1	17400
1	939.29	588.71	1	17404
1	940.35	588.23	1	17408
1	938.93	588.9	1	17412
1	939.56	587.38	1	17416
1	941.1	589.2	1	17420
1	940.89	588.87	1	17424
1	942.05	589.33	1	17428
1	941.76	589.12	1	17432
1	942.39	589.3	1	17436
1	941.7	589.78	1	17440
1	942.15	588.51	1	17444
1	941.58	586.73	1	17448
1	941.95	587.45	1	17452
1	942.09	586.31	1	17456
1	942.2	588.38	1	17460
1	941.7	586.75	1	17464
1	941.97	585.7	1	17468
1	940.98	585.88	1	17472
1	940.48	586.46	1	17476
1	940.46	584.82	1	17480
1	940.39	585.29	1	17484
1	939	585.87	1	17488
1	937.91	585.85	1	17492
1	937.66	586.12	1	17496
1	937.8	586.7	1	17500
1	938.2	586.93	1	17504
1	936.88	587.34	1	17508
1	937.21	587.79	1	17512
1	937.48	588.22	1	17516
1	937.84	588.59	1	17520
1	936.79	588.25	1	17524
1	935.52	589.11	1	17528
1	935.32	588.5	1	17532
1	937.63	588.64	1	17536
1	937.9	588.59	1	17540
1	938.06	587.87	1	17544
1	938.72	587.29	1	17548
1	940.39	585.97	1	17552
1	939.42	585.97	1	17556
1	939.18	585.66	1	17560
1	939.49	585.64	1	17564
1	940.19	585.78	1	17568
1	940.67	583.84	1	17572
1	941.14	585.55	1	17576
1	940.59	585.55	1	17580
1	942.05	583.64	1	17584
1	942.37	585.32	1	17588
1	941.17	585.58	1	17592
1	940.63	585.45	1	17596
1	940.73	586.36	1	17600
1	944.44	586.36	1	17604
1	952.4	586.1	1	17608
1	961.97	585.13	1	17612
1	976.93	583.06	1	17616
1	980.99	582.31	1	17620
1	985.73	580.66	1	17624
1	993.43	582.46	1	17628
1	1002.98	581.7	1	17632
1	1001.06	579.86	1	17636
1	1000.82	578.49	1	17640
1	1001.99	578.89	1	17644
1	1004.65	577.08	1	17648
1	1005.1	576.83	1	17652
1	1008.65	577.42	1	17656
1	1008.55	577.93	1	17660
1	1009.09	578.34	1	17664
1	1011.74	579.32	1	17668
1	1009.87	579.4	1	17672
1	1010.1	578.71	1	17676
1	1009.34	579.05	1	17680
1	1010.88	578.79	1	17684
1	1010.47	579.39	1	17688
1	1010.83	580.67	1	17692
1	1011.76	578.71	1	17696
1	1010.85	581.02	1	17700
1	1011.6	580.27	1	17704
1	1012.78	580.88	1	17708
1	1010.47	578.86	1	17712
1	1010.42	577.56	1	17716
1	1010.01	577.78	1	17720
1	1009.75	576.88	1	17724
1	1008.52	578.34	1	17728
1	1010.58	576	1	17732
1	1008.93	575.35	1	17736
1	1009.64	575.96	1	17740
1	1009.08	575.29	1	17744
1	1008.82	575.98	1	17748
1	1008.53	575.01	1	17752
1	1009.49	575.13	1	17756
1	1010.92	577.04	1	17760
1	1010.59	577.86	1	17764
1	1011.11	576.64	1	17768
1	1011.75	576.08	1	17772
1	1011.66	577.7	1	17776
1	1011.87	575.3	1	17780
1	1011.98	575.56	1	17784
1	1012.52	576.47	1	17788
1	1013.56	575.54	1	17792
1	1012.14	574.46	1	17796
1	1013.61	574.21	1	17800
1	1013.36	574.5	1	17804
1	1013.63	573.33	1	17808
1	1014.48	572.43	1	17812
1	1015.04	573.21	1	17816
1	1015.47	573.42	1	17820
1	1017.07	572.24	1	17824
1	1018.51	572.84	1	17828
1	1019.06	572.19	1	17832
1	1019.75	571.43	1	17836
1	1020.69	571.21	1	17840
1	1019.66	572.04	1	17844
1	1019.3	570.34	1	17848
1	1019.16	571.48	1	17852
1	1025.75	572.48	1	17856
1	1042.98	547.72	1	17860
1	1069.6	572.25	1	17864
1	1086.01	571.45	1	17868
1	1089.7	574.78	1	17872
1	1085.35	575.2	1	17876
1	1096.41	575.3	1	17880
1	1095.17	575.25	1	17884
1	1094.96	575.7	1	17888
1	1097.17	575.95	1	17892
1	1101.13	574.97	1	17896
1	1101.18	574.52	1	17900
1	1103.19	574.31	1	17904
1	1100.81	573.25	1	17908
1	1101.19	573.85	1	17912
1	1101.76	573.15	1	17916
1	1102.64	572.56	1	17920
1	1102.35	570.53	1	17924
1	1100.8	571.58	1	17928
1	1100.83	569.87	1	17932
1	1102.92	571.27	1	17936
1	1103.68	571.21	1	17940
1	1103.82	570.94	1	17944
1	1103.12	571.33	1	17948
1	1105.69	574.01	1	17952
1	1106.02	573.75	1	17956
1	1106.75	575.72	1	17960
1	1108.04	575.36	1	17964
1	1106.96	575.84	1	17968
1	1108.6	576.88	1	17972
1	1109.52	577.69	1	17976
1	1109.77	576.68	1	17980
1	1109.51	577.53	1	17984
1	1110.24	578.48	1	17988
1	1109.47	578.94	1	17992
1	1110.19	577.26	1	17996
1	1110.62	577.13	1	18000
1	1111.15	577.87	1	18004
1	1109.83	577.2	1	18008
1	1111.17	577.77	1	18012
1	1110.82	577.22	1	18016
1	1111.28	577.46	1	18020
1	1110.67	578.2	1	18024
1	1110.2	578.04	1	18028
1	1110.14	578.95	1	18032
1	1110.99	579.34	1	18036
1	1111.14	580.31	1	18040
1	1111.49	580	1	18044
1	1110.36	579.68	1	18048
1	1112.04	579.68	1	18052
1	1113.11	578.6	1	18056
1	1113.55	578.4	1	18060
1	1112.51	578.08	1	18064
1	1114.25	578.12	1	18068
1	1115.41	577.08	1	18072
1	1116.12	576.18	1	18076
1	1116	575.87	1	18080
1	1116.28	575.17	1	18084
1	1115.47	574.83	1	18088
1	1116.2	574.59	1	18092
1	1115.92	573.37	1	18096
1	1114.91	573.77	1	18100
1	1114.5	573.81	1	18104
1	1114.52	574.43	1	18108
1	1114.55	572.64	1	18112
1	1115.77	570.89	1	18116
1	1118.01	571.73	1	18120
1	1118.87	569.34	1	18124
1	1118.52	569.67	1	18128
1	1122.86	569.66	1	18132
1	1125.66	568.25	1	18136
1	1125.38	568.6	1	18140
1	1127.13	567.64	1	18144
1	1128.12	568.14	1	18148
1	1130.11	567.61	1	18152
1	1129.84	568.79	1	18156
1	1129.54	568.64	1	18160
1	1129.87	569.29	1	18164
1	1129.24	571.35	1	18168
1	1129.68	572.95	1	18172
1	1128.3	572.77	1	18176
1	1127.82	573.95	1	18180
1	1128.54	574.37	1	18184
1	1127.59	574.48	1	18188
1	1119.98	576.18	1	18192
1	1079.21	577.45	1	18196
1	989.36	578.73	1	18200
1	959.61	580.62	1	18204
1	921.45	584.57	1	18208
1	890.15	584.45	1	18212
1	847.81	586.88	1	18216
1	814.32	587.76	1	18220
1	795.68	588.07	1	18224
1	777.8	589.56	1	18228
1	770.26	592.39	1	18232
1	768.72	593.44	1	18236
1	766.29	595.19	1	18240
1	765.76	596.27	1	18244
1	765.16	596.55	1	18248
1	763.98	596.06	1	18252
1	762.04	595.79	1	18256
1	760.52	595.79	1	18260
1	758.32	595.96	1	18264
1	757.84	593.89	1	18268
1	757.44	594.71	1	18272
1	756.76	593.09	1	18276
1	756	592.33	1	18280
1	755.54	591.46	1	18284
1	754.63	590.41	1	18288
1	754.21	591.98	1	18292
1	753.93	591.49	1	18296
1	753.43	591.08	1	18300
1	754.06	591.65	1	18304
1	754.28	591.12	1	18308
1	754.3	590.92	1	18312
1	753.62	592.22	1	18316
1	754.33	591.95	1	18320
1	753.54	593.11	1	18324
1	753.79	593.67	1	18328
1	752.41	594.44	1	18332
1	753.24	593.26	1	18336
1	752.98	593.63	1	18340
1	751.6	594.27	1	18344
1	751.35	593.66	1	18348
1	751.61	593.91	1	18352
1	750.33	594.15	1	18356
1	751.5	593.49	1	18360
1	749.27	593.87	1	18364
1	750.57	593.15	1	18368
1	750.37	591.92	1	18372
1	751.81	592.57	1	18376
1	751.78	592.38	1	18380
1	751.16	592.75	1	18384
1	750.92	593.52	1	18388
1	746.42	595.49	1	18392
1	737.48	596.43	1	18396
1	712.35	596.35	1	18400
1	689.01	595.66	1	18404
1	680.49	596.32	1	18408
1	674.94	597.76	1	18412
1	671.83	597.92	1	18416
1	671.57	599.2	1	18420
1	673.58	600.5	1	18424
1	669.93	601.66	1	18428
1	669.51	601.34	1	18432
1	668.74	601.49	1	18436
1	665.51	600.56	1	18440
1	664.79	601.37	1	18444
1	665.29	602.79	1	18448
1	665.74	601.99	1	18452
1	667.13	603.02	1	18456
1	666.86	603.42	1	18460
1	666.51	603.28	1	18464
1	665.58	602.98	1	18468
1	665.34	602.26	1	18472
1	665.78	603.17	1	18476
1	663.98	603.79	1	18480
1	664.86	603.32	1	18484
1	663.07	603.77	1	18488
1	663.03	605.65	1	18492
1	662.48	607.24	1	18496
1	662.28	607.54	1	18500
1	661.44	607.65	1	18504
1	661.22	607.07	1	18508
1	660.28	606.4	1	18512
1	659.87	605.69	1	18516
1	661.05	604.9	1	18520
1	660.1	604.18	1	18524
1	660.26	603.61	1	18528
1	661.17	603.46	1	18532
1	660.66	601.91	1	18536
1	661.01	599.58	1	18540
1	660.89	599.48	1	18544
1	660.76	599.23	1	18548
1	661.17	599.03	1	18552
1	661.02	598.97	1	18556
1	661.39	600.05	1	18560
1	660.34	599.55	1	18564
1	660.78	600.93	1	18568
1	660.47	599.83	1	18572
1	657.35	600.28	1	18576
1	656.85	601.59	1	18580
1	657.1	601.77	1	18584
1	657.08	601.62	1	18588
1	655.99	600.96	1	18592
1	654.16	601.98	1	18596
1	656.19	600.47	1	18600
1	655.71	601.38	1	18604
1	657.49	601.13	1	18608
1	660.77	600.29	1	18612
1	672.52	600.22	1	18616
1	704.9	585.64	1	18620
1	714.62	598.84	1	18624
1	712.43	598.05	1	18628
1	728.38	595.01	1	18632
1	715.85	597.01	1	18636
1	727.1	597.23	1	18640
1	719.9	597.21	1	18644
1	730.2	595.84	1	18648
1	728.63	596.83	1	18652
1	730.84	596.66	1	18656
1	732.4	599.96	1	18660
1	733.39	602.07	1	18664
1	734.43	599.39	1	18668
1	734.63	601.97	1	18672
1	733.74	603.56	1	18676
1	735.16	602.88	1	18680
1	735.48	602.07	1	18684
1	736.93	600.07	1	18688
1	736.62	602.17	1	18692
1	737.79	602.87	1	18696
1	737.88	601.71	1	18700
1	738.58	599.88	1	18704
1	739.97	597.98	1	18708
1	739.14	598.18	1	18712
1	740.11	596.03	1	18716
1	740.77	595.04	1	18720
1	740.96	594.73	1	18724
1	741.43	594.35	1	18728
1	741.34	595.22	1	18732
1	741.54	595.78	1	18736
1	740.61	595.1	1	18740
1	740.67	595.77	1	18744
1	740.23	596.09	1	18748
1	740.04	596.7	1	18752
1	739.68	596.58	1	18756
1	740.85	596.95	1	18760
1	740.4	598.25	1	18764
1	740.66	597.8	1	18768
1	739.65	597.88	1	18772
1	740	598.74	1	18776
1	740.26	598.38	1	18780
1	740.16	599.22	1	18784
1	739.16	598.46	1	18788
1	738.8	598.29	1	18792
1	738.09	598.77	1	18796
1	737.61	599.36	1	18800
1	736.55	599.46	1	18804
1	736.33	599.3	1	18808
1	735.04	599.42	1	18812
1	735.63	600.26	1	18816
1	735.54	599.92	1	18820
1	734.51	600.03	1	18824
1	735.55	599.38	1	18828
1	736.84	599.6	1	18832
1	737.54	599.87	1	18836
1	738.39	599.58	1	18840
1	738.81	599.48	1	18844
1	740.29	598.72	1	18848
1	739.79	598.85	1	18852
1	738.79	597.72	1	18856
1	738.92	597.12	1	18860
1	738.53	597.35	1	18864
1	739.14	594.95	1	18868
1	739.2	595.64	1	18872
1	739.38	595.48	1	18876
1	739.58	594.28	1	18880
1	740.96	594.99	1	18884
1	741.37	594.84	1	18888
1	742.14	593.71	1	18892
1	743.23	594.98	1	18896
1	744.22	594.88	1	18900
1	743.21	593.34	1	18904
1	743.98	593.18	1	18908
1	745.42	594.6	1	18912
1	744.13	594.71	1	18916
1	743.34	593.39	1	18920
1	741.74	593.65	1	18924
1	740.42	593.42	1	18928
1	739.16	592.43	1	18932
1	737.77	592.71	1	18936
1	736.27	591.97	1	18940
1	736.8	591.47	1	18944
1	739.94	592.69	1	18948
1	757.08	591.63	1	18952
1	785.38	591.12	1	18956
1	818.42	590.76	1	18960
1	827.12	590.52	1	18964
1	832.53	590.15	1	18968
1	845.32	590.71	1	18972
1	858.14	590.81	1	18976
1	867.73	590.66	1	18980
1	864.06	592.85	1	18984
1	864.99	592.89	1	18988
1	869.68	592.7	1	18992
1	872.1	591.77	1	18996
1	869.76	591.85	1	19000
1	872.83	591.02	1	19004
1	873.81	591.25	1	19008
1	876.1	594.43	1	19012
1	877.05	593.07	1	19016
1	875.96	591.24	1	19020
1	875.72	593.64	1	19024
1	875.91	591.62	1	19028
1	875.11	592.34	1	19032
1	875.83	593.51	1	19036
1	875.06	594.07	1	19040
1	875.47	592.97	1	19044
1	876.48	594.08	1	19048
1	877.46	596.18	1	19052
1	876.51	594.52	1	19056
1	877.9	594.67	1	19060
1	878.04	596.28	1	19064
1	879.1	595.86	1	19068
1	879	595.56	1	19072
1	880.9	594.93	1	19076
1	880.95	594.46	1	19080
1	881.7	595.92	1	19084
1	881.97	596.72	1	19088
1	880.68	597.18	1	19092
1	880.61	597.7	1	19096
1	881.86	596.21	1	19100
1	883.48	598.05	1	19104
1	883.5	597.98	1	19108
1	883.36	599.77	1	19112
1	882.73	599.4	1	19116
1	883.44	601.32	1	19120
1	881.2	600.65	1	19124
1	881.3	601.92	1	19128
1	881.61	600.66	1	19132
1	882.46	601.22	1	19136
1	882.09	601.28	1	19140
1	883.55	602.06	1	19144
1	881.62	600.08	1	19148
1	880.57	600.13	1	19152
1	880.86	600.17	1	19156
1	881.5	599.97	1	19160
1	881.18	599.22	1	19164
1	881.31	599.82	1	19168
1	882.3	599.79	1	19172
1	882.91	600.48	1	19176
1	882.76	600.23	1	19180
1	882.37	599.67	1	19184
1	880.55	601.64	1	19188
1	881.86	600.56	1	19192
1	882.57	601.87	1	19196
1	882.34	600.6	1	19200
1	882.28	602.17	1	19204
1	881.84	601.57	1	19208
1	882.98	601.83	1	19212
1	883.38	599.46	1	19216
1	887.22	600.46	1	19220
1	892.38	599.7	1	19224
1	894.42	598.85	1	19228
1	898.07	597.77	1	19232
1	906.41	597.88	1	19236
1	916.18	596.72	1	19240
1	919.5	596.03	1	19244
1	923.35	595.05	1	19248
1	929.68	595.02	1	19252
1	931.23	593.82	1	19256
1	932.88	594.82	1	19260
1	932.8	595.41	1	19264
1	936.68	594.88	1	19268
1	950.58	585.91	1	19272
1	952.03	585.35	1	19276
1	935.85	595.02	1	19280
1	937.44	594.45	1	19284
1	938.11	595.72	1	19288
1	935.43	595.97	1	19292
1	935.26	596.12	1	19296
1	934.6	597.63	1	19300
1	933.69	597.83	1	19304
1	933.1	599.18	1	19308
1	932.79	599.55	1	19312
1	932.88	599.7	1	19316
1	931.73	599.92	1	19320
1	932.42	602.06	1	19324
1	932.73	603.66	1	19328
1	933.27	603.62	1	19332
1	933.87	605.04	1	19336
1	934.29	605.5	1	19340
1	934.24	606.52	1	19344
1	933.94	606.12	1	19348
1	933.72	605.53	1	19352
1	932.44	606.81	1	19356
1	931.5	607.59	1	19360
1	932.6	608.26	1	19364
1	932.4	607.51	1	19368
1	932.09	607.67	1	19372
1	931.6	608.09	1	19376
1	931.41	608.02	1	19380
1	929.78	608.16	1	19384
1	930.28	608.88	1	19388
1	930.35	609.6	1	19392
1	929.41	609.85	1	19396
1	929.49	609.72	1	19400
1	929.5	608.91	1	19404
1	930.01	608.82	1	19408
1	930.28	609.86	1	19412
1	930.03	608.54	1	19416
1	930.27	608.85	1	19420
1	930.74	608.81	1	19424
1	932.27	609.77	1	19428
1	931.81	608.63	1	19432
1	932.32	608.96	1	19436
1	932.31	608.08	1	19440
1	932.98	607.51	1	19444
1	932.66	608.38	1	19448
1	932.63	607.47	1	19452
1	931.85	607.32	1	19456
1	937.4	607.08	1	19460
1	961.5	606.44	1	19464
1	997.91	605.93	1	19468
1	1004.56	605.74	1	19472
1	1002.31	603.97	1	19476
1	1012.92	603.55	1	19480
1	1040.69	598.92	1	19484
1	1044.81	594.2	1	19488
1	1050.12	593.61	1	19492
1	1048.43	590.87	1	19496
1	1052.92	589.34	1	19500
1	1054.15	583.61	1	19504
1	1055.24	583	1	19508
1	1056.02	583.16	1	19512
1	1058.68	581.52	1	19516
1	1059.7	581.28	1	19520
1	1059.49	576.86	1	19524
1	1035.58	593.95	1	19528
1	1060.19	575.17	1	19532
1	1060.35	578.11	1	19536
1	1060.66	574.74	1	19540
1	1060.12	574.98	1	19544
1	1060.26	575.37	1	19548
1	1030.89	593.08	1	19552
1	1058.24	578.29	1	19556
1	1056.75	579.63	1	19560
1	1032.88	594.38	1	19564
1	1057.6	582.81	1	19568
1	1057.1	582.32	1	19572
1	1031.91	597	1	19576
1	1035.07	596.62	1	19580
1	1032.2	598.62	1	19584
1	1037.8	596.62	1	19588
1	1038.52	597.53	1	19592
1	1039.37	597.46	1	19596
1	1042.03	597.48	1	19600
1	1042.02	597.11	1	19604
1	1041.73	597.46	1	19608
1	1043.27	597.64	1	19612
1	1043.3	596.74	1	19616
1	1039.87	597.41	1	19620
1	1043.65	598.07	1	19624
1	1042.23	598.34	1	19628
1	1039.26	599.98	1	19632
1	1039.07	598.25	1	19636
1	1040.44	599.71	1	19640
1	1041.39	598.12	1	19644
1	1038.72	599.81	1	19648
1	1040.89	598.33	1	19652
1	1041.33	598.07	1	19656
1	1041.44	599.86	1	19660
1	1041.72	598.65	1	19664
1	1040.12	598.48	1	19668
1	1040.62	600.24	1	19672
1	1043.01	600.11	1	19676
1	1043.18	600.3	1	19680
1	1043.63	601.61	1	19684
1	1043.64	602.3	1	19688
1	1042.93	602.65	1	19692
1	1043.78	602.7	1	19696
1	1041.91	603.5	1	19700
1	1042.89	603.07	1	19704
1	1041.94	603.76	1	19708
1	1042.23	604.66	1	19712
1	1040.7	605.02	1	19716
1	1040.6	604.83	1	19720
1	1038.82	604.01	1	19724
1	1034.38	604.61	1	19728
1	1031.05	604.08	1	19732
1	1030.34	604.52	1	19736
1	1027.95	605.54	1	19740
1	1026.74	605.5	1	19744
1	1025.14	605.59	1	19748
1	1021.04	606.6	1	19752
1	1019.4	607.22	1	19756
1	1018.88	607.25	1	19760
1	1019.48	606.28	1	19764
1	1018.41	605.79	1	19768
1	1019.45	607.55	1	19772
1	1020.54	606.19	1	19776
1	1022.06	605.86	1	19780
1	1022.12	604.77	1	19784
1	1023.62	604.5	1	19788
1	1021.43	602.5	1	19792
1	1023.25	601.46	1	19796
1	1024.84	598.72	1	19800
1	1024.89	599.01	1	19804
1	1023.67	599.17	1	19808
1	1021.53	599.06	1	19812
1	1023.47	597.86	1	19816
1	1022.84	596.92	1	19820
1	1022.25	599.14	1	19824
1	1022.13	600.69	1	19828
1	1019.41	599.02	1	19832
1	1020.98	601.04	1	19836
1	1020.69	602.12	1	19840
1	1019.12	602.74	1	19844
1	1019.81	604.47	1	19848
1	1020.33	602.99	1	19852
1	1020.42	606.01	1	19856
1	1018.18	605.26	1	19860
1	1017.96	606.14	1	19864
1	1017.86	605.73	1	19868
1	1017.27	605.54	1	19872
1	1018.1	605.14	1	19876
1	1019.44	604.15	1	19880
1	1018.14	605.21	1	19884
1	1018.36	604.35	1	19888
1	1017.72	604.51	1	19892
1	1018.89	603.08	1	19896
1	1017.39	602.9	1	19900
1	1016.5	602.69	1	19904
1	1014.02	602.13	1	19908
1	1015.91	600.4	1	19912
1	1016.13	600.34	1	19916
1	1015.31	600.09	1	19920
1	1015.37	600.64	1	19924
1	1015.02	600.64	1	19928
1	1015.85	599.73	1	19932
1	1016.15	599.1	1	19936
1	1016.89	600.24	1	19940
1	1016.59	599.53	1	19944
1	1017.78	598.72	1	19948
1	1018.87	598.6	1	19952
1	1019.56	598.78	1	19956
1	1021.01	600.53	1	19960
1	1030.94	601.47	1	19964
1	1085.92	585.09	1	19968
1	1132.87	602.51	1	19972
1	1151.19	603.65	1	19976
1	1161.73	605.29	1	19980
1	1171.41	603.74	1	19984
1	1184.04	602.83	1	19988
1	1187.36	602.7	1	19992
1	1186.6	602.58	1	19996
1	1186.77	601.88	1	20000
1	1188.22	602.3	1	20004
1	1186.64	600.05	1	20008
1	1190.1	598.87	1	20012
1	1189.11	598.4	1	20016
1	1190.54	596.38	1	20020
1	1194.36	595.17	1	20024
1	1196.41	594.36	1	20028
1	1191.32	594.52	1	20032
1	1191.87	594.08	1	20036
1	1216.53	581.02	1	20040
1	1191.46	591.83	1	20044
1	1217.55	578.66	1	20048
1	1218.46	579.09	1	20052
1	1191.44	591.04	1	20056
1	1193.29	590.58	1	20060
1	1195.06	588.92	1	20064
1	1195.08	589.35	1	20068
1	1196.14	588.17	1	20072
1	1198.22	587.48	1	20076
1	1196.63	587.82	1	20080
1	1197.5	588.16	1	20084
1	1198.17	589.59	1	20088
1	1201.07	590.33	1	20092
1	1202.17	589.48	1	20096
1	1203.16	590.33	1	20100
1	1203.09	591.33	1	20104
1	1202.33	592.28	1	20108
1	1202.94	590.41	1	20112
1	1202.35	590.25	1	20116
1	1201.17	591.37	1	20120
1	1200.55	589.22	1	20124
1	1200.62	589.46	1	20128
1	1200.7	587.57	1	20132
1	1199.28	588.53	1	20136
1	1198.36	589.4	1	20140
1	1197.3	588.53	1	20144
1	1196.08	587.91	1	20148
1	1196.96	588.3	1	20152
1	1196.25	590.48	1	20156
1	1196.15	589.78	1	20160
1	1196.33	590.21	1	20164
1	1197.74	590.54	1	20168
1	1195.98	590.87	1	20172
1	1196.7	590.58	1	20176
1	1195.47	591.25	1	20180
1	1194.96	591.64	1	20184
1	1195.69	590.29	1	20188
1	1196.17	590.65	1	20192
1	1195.24	591.26	1	20196
1	1195.47	589.58	1	20200
1	1195.35	590.94	1	20204
1	1193.88	589.73	1	20208
1	1194.32	590.56	1	20212
1	1194.68	591.27	1	20216
1	1193.52	591.91	1	20220
1	1193.65	591.84	1	20224
1	1193.92	592.19	1	20228
1	1193.33	593.91	1	20232
1	1193.1	595.05	1	20236
1	1193.12	594.58	1	20240
1	1193.92	597.87	1	20244
1	1193.34	598.85	1	20248
1	1191.33	599.14	1	20252
1	1188.59	599.68	1	20256
1	1185.93	599.44	1	20260
1	1186.94	599.67	1	20264
1	1187.46	600.26	1	20268
1	1182.72	600.37	1	20272
1	1182.16	600.1	1	20276
1	1180.47	599.17	1	20280
1	1177.06	600.69	1	20284
1	1175.58	599.6	1	20288
1	1175.98	599.28	1	20292
1	1177.94	599.12	1	20296
1	1177.57	598.77	1	20300
1	1177.92	599.4	1	20304
1	1176.84	599.14	1	20308
1	1175.44	599.11	1	20312
1	1176.36	599.14	1	20316
1	1176.01	599.42	1	20320
1	1176.38	599.16	1	20324
1	1177.75	597	1	20328
1	1178.22	597.75	1	20332
1	1178.22	597.77	1	20336
1	1177.41	597.18	1	20340
1	1178.78	597.45	1	20344
1	1178	597.04	1	20348
1	1180.4	598.13	1	20352
1	1181.84	596.92	1	20356
1	1183.83	595.77	1	20360
1	1184.6	596.35	1	20364
1	1184.73	597.38	1	20368
1	1184.33	596.28	1	20372
1	1183.99	597.33	1	20376
1	1183.54	596.46	1	20380
1	1184.17	595.95	1	20384
1	1181.86	596.26	1	20388
1	1180.81	597.01	1	20392
1	1182.02	595.1	1	20396
1	1179.98	596.62	1	20400
1	1179.21	597.67	1	20404
1	1178.42	597.51	1	20408
1	1177.59	596.14	1	20412
1	1178.5	597.1	1	20416
1	1178.49	596.85	1	20420
1	1178.32	597.14	1	20424
1	1179.04	599.37	1	20428
1	1181.5	598.72	1	20432
1	1185.92	600.17	1	20436
1	1194.1	600.44	1	20440
1	1212.09	599.97	1	20444
1	1214.11	598.81	1	20448
1	1228.16	599.97	1	20452
1	1228.22	600.73	1	20456
1	1226.25	601.1	1	20460
1	1231.73	600.02	1	20464
1	1234.2	600.23	1	20468
1	1234.29	600.52	1	20472
1	1238.02	599.14	1	20476
1	1239.06	598.4	1	20480
1	1241.02	599.09	1	20484
1	1241.05	598.93	1	20488
1	1241.93	599.83	1	20492
1	1241.55	598.93	1	20496
1	1243.82	598.96	1	20500
1	1245.41	598.64	1	20504
1	1243.79	599.25	1	20508
1	1245.87	598.72	1	20512
1	1247.1	598.09	1	20516
1	1246.82	598.61	1	20520
1	1246.69	597.85	1	20524
1	1248.48	597.2	1	20528
1	1249.31	596.4	1	20532
1	1246.72	595.44	1	20536
1	1248.54	595.24	1	20540
1	1246.82	594.38	1	20544
1	1246.14	594.54	1	20548
1	1245.78	594.32	1	20552
1	1245.32	594.27	1	20556
1	1245.02	593.79	1	20560
1	1245.47	593.82	1	20564
1	1247.69	593.27	1	20568
1	1246.71	593.54	1	20572
1	1245.67	594.3	1	20576
1	1247.16	593.23	1	20580
1	1246.82	593.75	1	20584
1	1246.39	593.86	1	20588
1	1244.71	594.54	1	20592
1	1266.58	583.46	1	20596
1	1266.67	584.33	1	20600
1	1250.1	592.73	1	20604
1	1249.03	593.11	1	20608
1	1247.27	592.83	1	20612
1	1247.53	591.7	1	20616
1	1247.66	591.61	1	20620
1	1247.7	593.02	1	20624
1	1246.79	591.69	1	20628
1	1245.95	592.82	1	20632
1	1244.18	593.34	1	20636
1	1232.62	592.77	1	20640
1	1209.38	586.1	1	20644
1	1124.97	595.44	1	20648
1	1076.32	596.87	1	20652
1	1036.95	599.82	1	20656
1	1005.91	602.88	1	20660
1	965.48	607.15	1	20664
1	932.8	608.93	1	20668
1	905.81	612.59	1	20672
1	888.37	616.33	1	20676
1	864.11	621.49	1	20680
1	847.06	623.69	1	20684
1	848.33	627.1	1	20688
1	850.99	628.39	1	20692
1	847.3	630.89	1	20696
1	845.32	631.51	1	20700
1	847.53	632.53	1	20704
1	845.9	633.71	1	20708
1	843.22	635.75	1	20712
1	843.44	636.94	1	20716
1	840.26	638.07	1	20720
1	840.13	638.27	1	20724
1	840.68	638.8	1	20728
1	840.43	637.95	1	20732
1	839.8	638.41	1	20736
1	839.02	637.32	1	20740
1	839	638.67	1	20744
1	839.25	638.33	1	20748
1	838.63	637.92	1	20752
1	839.14	637.31	1	20756
1	840.5	636.87	1	20760
1	840.67	637.39	1	20764
1	841.11	634.97	1	20768
1	842.7	635.79	1	20772
1	842.5	636.29	1	20776
1	843.03	636.09	1	20780
1	844.84	635.76	1	20784
1	843.26	634.52	1	20788
1	843.82	632.75	1	20792
1	842.92	632.67	1	20796
1	843.1	633.23	1	20800
1	841.4	632.04	1	20804
1	844.92	628.79	1	20808
1	844.2	628.23	1	20812
1	845.67	625.95	1	20816
1	848.34	623.97	1	20820
1	840.99	622.49	1	20824
1	847.14	621.06	1	20828
1	848.42	620.36	1	20832
1	849.73	619.19	1	20836
1	851.33	618.95	1	20840
1	841.95	617.93	1	20844
1	831.88	617.85	1	20848
1	797.52	618.59	1	20852
1	740.4	619.51	1	20856
1	737.55	619.52	1	20860
1	718.52	620.75	1	20864
1	707.26	624.03	1	20868
1	707.16	623.98	1	20872
1	705.51	626.53	1	20876
1	703.93	626.43	1	20880
1	708.01	628.87	1	20884
1	706.97	629.27	1	20888
1	703.8	630.51	1	20892
1	700.69	630.48	1	20896
1	699.6	632.33	1	20900
1	699.03	631.25	1	20904
1	699.23	632.77	1	20908
1	698.11	631.84	1	20912
1	698.23	630.81	1	20916
1	698.53	630.51	1	20920
1	698	631.2	1	20924
1	697.85	632.11	1	20928
1	697.9	632.91	1	20932
1	696.56	635.33	1	20936
1	699.22	635.1	1	20940
1	697.92	634.75	1	20944
1	697.93	638.45	1	20948
1	697.8	636.79	1	20952
1	698.64	638.85	1	20956
1	697.68	638.93	1	20960
1	696.85	640.42	1	20964
1	697.8	640.83	1	20968
1	698.14	640.08	1	20972
1	696.16	639.76	1	20976
1	695.12	638.5	1	20980
1	695.12	637.85	1	20984
1	694.91	637.54	1	20988
1	692.31	636.57	1	20992
1	694.2	636.5	1	20996
1	693.16	636.78	1	21000
1	691.65	637.73	1	21004
1	691.6	636.84	1	21008
1	687.84	637.4	1	21012
1	689.42	636.9	1	21016
1	688.23	636.96	1	21020
1	689.67	637.09	1	21024
1	688.73	636.49	1	21028
1	688.73	637.09	1	21032
1	688.86	637.13	1	21036
1	688.21	636.29	1	21040
1	688.24	635.16	1	21044
1	688.1	634.19	1	21048
1	689.09	633.57	1	21052
1	689.77	632.38	1	21056
1	689.32	633	1	21060
1	690.3	632.5	1	21064
1	692.16	632.71	1	21068
1	692.08	632.37	1	21072
1	693.92	631.28	1	21076
1	692.82	632.05	1	21080
1	691.82	632.2	1	21084
1	690.9	632.84	1	21088
1	695.28	632.39	1	21092
1	693.95	631.96	1	21096
1	693.3	633.71	1	21100
1	697.58	632.64	1	21104
1	712.72	632.28	1	21108
1	714.99	629.8	1	21112
1	714.88	629.87	1	21116
1	716.21	629.48	1	21120
1	722.95	627.62	1	21124
1	727.71	625.74	1	21128
1	727.9	625.94	1	21132
1	729.96	625.87	1	21136
1	731.08	625.57	1	21140
1	731.82	624.84	1	21144
1	732.15	624.56	1	21148
1	732.12	623.38	1	21152
1	731.68	623.56	1	21156
1	731.37	622.84	1	21160
1	732.63	621.71	1	21164
1	732.71	623.6	1	21168
1	731.79	622.68	1	21172
1	732.24	621.24	1	21176
1	732.53	619.94	1	21180
1	733.23	619.83	1	21184
1	732.2	619.48	1	21188
1	733.68	618.96	1	21192
1	734.21	618.32	1	21196
1	734.63	618.55	1	21200
1	733.86	618.62	1	21204
1	734.76	619.01	1	21208
1	734.71	617.76	1	21212
1	733.95	618.18	1	21216
1	733.61	619.75	1	21220
1	732.25	620.18	1	21224
1	730.84	618.77	1	21228
1	731.64	619.31	1	21232
1	759.52	607.54	1	21236
1	731.62	619.69	1	21240
1	730.78	619.77	1	21244
1	730.69	619.84	1	21248
1	730.97	620.33	1	21252
1	730.25	620.48	1	21256
1	729.75	621.73	1	21260
1	730.91	622.03	1	21264
1	732.31	619.45	1	21268
1	732.12	620.97	1	21272
1	733.2	620.5	1	21276
1	733.01	620.54	1	21280
1	733.82	622.22	1	21284
1	732.86	622.05	1	21288
1	733.3	622.39	1	21292
1	733.04	620.6	1	21296
1	732.67	621.9	1	21300
1	736.37	619.68	1	21304
1	732.14	620.27	1	21308
1	734	622.15	1	21312
1	734.63	619.05	1	21316
1	736.12	619.67	1	21320
1	735.41	616.15	1	21324
1	735.4	616.53	1	21328
1	737.7	614.8	1	21332
1	736.45	614.08	1	21336
1	742.2	613.27	1	21340
1	745.72	611.44	1	21344
1	746.66	612.32	1	21348
1	753.99	609.98	1	21352
1	762.34	610.67	1	21356
1	769.07	608.78	1	21360
1	774.95	608.66	1	21364
1	778.37	610.21	1	21368
1	786.69	608.82	1	21372
1	788.01	610.38	1	21376
1	787.79	612.11	1	21380
1	790.34	613.16	1	21384
1	794.56	613.99	1	21388
1	794.9	614.41	1	21392
1	796.79	615.74	1	21396
1	797.47	619.92	1	21400
1	798.1	620.08	1	21404
1	797.72	623.09	1	21408
1	798.06	622.3	1	21412
1	798.15	625.09	1	21416
1	798.35	625.76	1	21420
1	799.09	626.94	1	21424
1	800.01	627.99	1	21428
1	799.88	629.25	1	21432
1	799.42	630.46	1	21436
1	799.18	633.27	1	21440
1	798.22	631.77	1	21444
1	798.73	633.15	1	21448
1	800.06	633.05	1	21452
1	799.79	632.35	1	21456
1	800.02	633.67	1	21460
1	799.85	635.39	1	21464
1	799.32	635.86	1	21468
1	798.56	634.97	1	21472
1	798.9	633.84	1	21476
1	799.74	633.21	1	21480
1	800.4	631.47	1	21484
1	800.86	632.62	1	21488
1	800.79	633.16	1	21492
1	800.34	632.01	1	21496
1	801.64	633.7	1	21500
1	801.04	633.84	1	21504
1	800.6	631.81	1	21508
1	800.86	630.59	1	21512
1	802.74	631.87	1	21516
1	801.69	630.27	1	21520
1	802.5	632.52	1	21524
1	801.21	632.79	1	21528
1	801.75	630.89	1	21532
1	801.53	629.29	1	21536
1	802.12	629.09	1	21540
1	803.29	627.14	1	21544
1	802.81	627.38	1	21548
1	803.35	623.63	1	21552
1	803.22	624.55	1	21556
1	802.85	624.65	1	21560
1	801.72	622.66	1	21564
1	802.04	621.4	1	21568
1	802.54	621.98	1	21572
1	800.62	621.47	1	21576
1	801.89	623	1	21580
1	801.6	623.89	1	21584
1	801.07	623.08	1	21588
1	800.85	623.43	1	21592
1	800.75	624.44	1	21596
1	802.26	624.56	1	21600
1	802.13	623.94	1	21604
1	802.39	623.63	1	21608
1	802.81	624.32	1	21612
1	801.62	623.85	1	21616
1	803.56	623.91	1	21620
1	815.17	623.59	1	21624
1	824.6	621.85	1	21628
1	835.25	622.21	1	21632
1	839.6	623.75	1	21636
1	850.21	623.58	1	21640
1	852.65	622.48	1	21644
1	855.5	621.69	1	21648
1	858.7	623.11	1	21652
1	860.28	623.08	1	21656
1	858.79	623.46	1	21660
1	861.99	624.13	1	21664
1	863.57	622.69	1	21668
1	865.55	624.41	1	21672
1	869.18	622.92	1	21676
1	867.23	622.1	1	21680
1	865.91	621.23	1	21684
1	866.54	621.26	1	21688
1	865.76	623.35	1	21692
1	863.73	623.36	1	21696
1	866.07	623.11	1	21700
1	865.76	622.92	1	21704
1	865.02	623.35	1	21708
1	865.36	624.05	1	21712
1	865.79	622.73	1	21716
1	862.36	624.71	1	21720
1	862.25	625.18	1	21724
1	862.98	624.73	1	21728
1	862.53	624.19	1	21732
1	863.39	625.11	1	21736
1	864.53	627.91	1	21740
1	862.77	626.88	1	21744
1	862.75	627.51	1	21748
1	865.12	629.83	1	21752
1	863.97	629.79	1	21756
1	865.05	629.64	1	21760
1	867.25	631.31	1	21764
1	867.56	630.25	1	21768
1	868.86	630.32	1	21772
1	869.76	631.63	1	21776
1	870.7	632.47	1	21780
1	870.1	631.57	1	21784
1	870.66	633.14	1	21788
1	871.76	633.23	1	21792
1	870.63	632.7	1	21796
1	870.5	632.58	1	21800
1	870.56	633.9	1	21804
1	868.92	633.69	1	21808
1	870.89	634.29	1	21812
1	871.07	634.61	1	21816
1	870.53	635.63	1	21820
1	871.12	635.96	1	21824
1	870.97	636	1	21828
1	869.69	636.96	1	21832
1	870.4	637	1	21836
1	869.47	637.22	1	21840
1	870.35	638.01	1	21844
1	871.25	638.55	1	21848
1	870.79	637.65	1	21852
1	870.31	639.09	1	21856
1	869.5	639.54	1	21860
1	870.97	639.87	1	21864
1	876.01	640.11	1	21868
1	910.76	640.34	1	21872
1	934.3	638.82	1	21876
1	949.8	639.01	1	21880
1	960.84	640.5	1	21884
1	976.22	638.57	1	21888
1	975.96	638.94	1	21892
1	977.72	638.66	1	21896
1	980.3	637.98	1	21900
1	984.86	638.59	1	21904
1	983.45	637.46	1	21908
1	982.23	637.75	1	21912
1	985.38	637.89	1	21916
1	986.6	638.72	1	21920
1	986.87	641.38	1	21924
1	988.31	639.98	1	21928
1	986.72	641.43	1	21932
1	987.49	642.02	1	21936
1	987.4	642.76	1	21940
1	986.64	644.01	1	21944
1	985.69	642.98	1	21948
1	985.72	645.18	1	21952
1	986.46	644.93	1	21956
1	986.94	644.56	1	21960
1	984.46	644.93	1	21964
1	986.9	643.42	1	21968
1	985.1	642.61	1	21972
1	985.11	644.1	1	21976
1	982.88	643.07	1	21980
1	984.51	640.83	1	21984
1	984.81	640.74	1	21988
1	985.52	641.56	1	21992
1	986.11	640.76	1	21996
1	987.89	641.07	1	22000
1	987.42	641.83	1	22004
1	988.65	641.26	1	22008
1	990.7	640.38	1	22012
1	990.06	640.48	1	22016
1	990.01	638.87	1	22020
1	991.83	637.85	1	22024
1	992.2	638.21	1	22028
1	992.33	640.03	1	22032
1	996.44	640.31	1	22036
1	1005.15	639.88	1	22040
1	1024.82	640.22	1	22044
1	1023.31	638.98	1	22048
1	1037.98	638.15	1	22052
1	1048.67	636.54	1	22056
1	1053.28	637.37	1	22060
1	1052.59	636.64	1	22064
1	1055.54	636.3	1	22068
1	1053.55	637.61	1	22072
1	1057.16	634.79	1	22076
1	1057.7	634.22	1	22080
1	1058.77	633.87	1	22084
1	1060.04	633.85	1	22088
1	1061.65	634.36	1	22092
1	1061.58	633.5	1	22096
1	1058.46	632.53	1	22100
1	1058.02	631.74	1	22104
1	1057.24	631.81	1	22108
1	1056.62	631.56	1	22112
1	1057.26	631.87	1	22116
1	1056.52	631.79	1	22120
1	1056.03	632.62	1	22124
1	1057.33	631.07	1	22128
1	1056.7	632.28	1	22132
1	1056.57	631.69	1	22136
1	1057.18	632.04	1	22140
1	1058.65	632.54	1	22144
1	1060.05	632.63	1	22148
1	1059.36	633.61	1	22152
1	1059.42	635.34	1	22156
1	1059.46	636.39	1	22160
1	1060.75	635.65	1	22164
1	1061.17	636.55	1	22168
1	1061.35	638.46	1	22172
1	1061	638.67	1	22176
1	1061.39	638.98	1	22180
1	1061.71	639.06	1	22184
1	1061.8	639.25	1	22188
1	1062.07	639.79	1	22192
1	1062.79	638.8	1	22196
1	1063.17	639.1	1	22200
1	1062.46	639.14	1	22204
1	1062.44	638.71	1	22208
1	1063.14	638.7	1	22212
1	1063.18	639.61	1	22216
1	1062.52	638.58	1	22220
1	1062.61	639.7	1	22224
1	1060.63	638.1	1	22228
1	1052.66	638.8	1	22232
1	1015.48	641.25	1	22236
1	963.04	646.11	1	22240
1	919.52	650.71	1	22244
1	880.02	657.27	1	22248
1	862.05	657.1	1	22252
1	843.44	659.08	1	22256
1	824.64	660.04	1	22260
1	820.59	658.98	1	22264
1	821.24	662.33	1	22268
1	817.36	663.94	1	22272
1	820.88	664.41	1	22276
1	816.63	665.37	1	22280
1	816.09	665.27	1	22284
1	812.87	665.23	1	22288
1	812.31	663.62	1	22292
1	808.69	663.01	1	22296
1	807.77	662.49	1	22300
1	808.6	662.35	1	22304
1	808.06	663.12	1	22308
1	807.75	663.66	1	22312
1	806.73	663.17	1	22316
1	806.17	663.11	1	22320
1	806.16	662.04	1	22324
1	805.31	661.05	1	22328
1	805.59	661.64	1	22332
1	805.34	660.33	1	22336
1	806.19	659.57	1	22340
1	805.21	659.52	1	22344
1	805.5	659.94	1	22348
1	805.19	658.63	1	22352
1	805.17	657.71	1	22356
1	805.73	656.81	1	22360
1	805.37	657.03	1	22364
1	805.49	656.39	1	22368
1	806.46	656.19	1	22372
1	807.73	657.36	1	22376
1	808.56	657.6	1	22380
1	806.7	656.81	1	22384
1	808.1	657.91	1	22388
1	806.68	659.3	1	22392
1	806.78	658.88	1	22396
1	806.4	659.62	1	22400
1	805.02	659.12	1	22404
1	805.08	658.65	1	22408
1	803.92	659.19	1	22412
1	803.6	661.12	1	22416
1	800.66	660.59	1	22420
1	798.23	661.07	1	22424
1	791.99	661.08	1	22428
1	772.35	662.14	1	22432
1	751.38	661.99	1	22436
1	755.84	661.58	1	22440
1	744.87	662.42	1	22444
1	740.89	662.76	1	22448
1	739.88	663.83	1	22452
1	735.15	664.59	1	22456
1	735.95	664.71	1	22460
1	733.81	663.86	1	22464
1	733.32	663.66	1	22468
1	729.47	664.44	1	22472
1	729.93	663.96	1	22476
1	731.17	662.82	1	22480
1	731.77	662.47	1	22484
1	733.21	662.51	1	22488
1	731.31	662.7	1	22492
1	729.78	662.02	1	22496
1	729.89	661.19	1	22500
1	730.95	660.81	1	22504
1	730.01	662.33	1	22508
1	728.76	662.39	1	22512
1	733.74	661.49	1	22516
1	731.84	661.27	1	22520
1	732.07	662.77	1	22524
1	732.09	664.52	1	22528
1	731.57	668.29	1	22532
1	730.91	664.55	1	22536
1	732.21	666.8	1	22540
1	733.81	667.25	1	22544
1	733.46	667.04	1	22548
1	733.43	665.74	1	22552
1	734.16	663.79	1	22556
1	733.16	665.38	1	22560
1	732.27	667.32	1	22564
1	731.33	665.98	1	22568
1	730.6	665.28	1	22572
1	731.25	664.22	1	22576
1	732.37	663.38	1	22580
1	731.36	663.98	1	22584
1	730.85	662.38	1	22588
1	731.04	662.36	1	22592
1	730.11	664.57	1	22596
1	732.71	663.18	1	22600
1	744.01	662.1	1	22604
1	825.04	662.31	1	22608
1	867.83	661.61	1	22612
1	914.99	663.21	1	22616
1	966.38	658.75	1	22620
1	993.21	660.11	1	22624
1	1022.97	662.52	1	22628
1	1044.39	662.83	1	22632
1	1065.63	663.3	1	22636
1	1071.6	663.03	1	22640
1	1080.29	662.12	1	22644
1	1078.74	664.57	1	22648
1	1075.58	662.59	1	22652
1	1082.14	664.96	1	22656
1	1077.97	661.95	1	22660
1	1078.89	663.42	1	22664
1	1079.07	664.69	1	22668
1	1079.29	665.7	1	22672
1	1082.39	666.52	1	22676
1	1082.04	665.72	1	22680
1	1080.72	666.89	1	22684
1	1080.57	669.32	1	22688
1	1080.25	669.38	1	22692
1	1081.02	670.41	1	22696
1	1079.94	670.28	1	22700
1	1080.57	671.79	1	22704
1	1081.38	672.24	1	22708
1	1081.78	672.52	1	22712
1	1083.16	673.37	1	22716
1	1083.3	671.94	1	22720
1	1082.86	671.27	1	22724
1	1085.26	671.66	1	22728
1	1084.36	669.97	1	22732
1	1086.22	669.86	1	22736
1	1086.15	669.04	1	22740
1	1087.5	668.72	1	22744
1	1087.86	667.02	1	22748
1	1087.97	666.73	1	22752
1	1087.66	666.85	1	22756
1	1087.96	667.37	1	22760
1	1087.19	666.45	1	22764
1	1086.93	667.45	1	22768
1	1087.78	668.48	1	22772
1	1087.8	668.17	1	22776
1	1087.17	669.54	1	22780
1	1085.92	669.31	1	22784
1	1087.22	668.91	1	22788
1	1087.21	668.67	1	22792
1	1087.29	667.97	1	22796
1	1088.23	669.16	1	22800
1	1087.54	668.94	1	22804
1	1087.8	668.4	1	22808
1	1089.1	667.82	1	22812
1	1088.46	668.39	1	22816
1	1087.44	667.89	1	22820
1	1086.09	665.57	1	22824
1	1075.1	667.34	1	22828
1	1053.54	666.49	1	22832
1	1036.73	667.16	1	22836
1	1016.65	666.77	1	22840
1	1017.32	666.89	1	22844
1	1007.35	666.16	1	22848
1	1002.76	666.59	1	22852
1	1002.13	668.04	1	22856
1	1001.01	666.24	1	22860
1	999.78	665.02	1	22864
1	998.45	666.65	1	22868
1	997.78	667.17	1	22872
1	994.9	665.44	1	22876
1	996.91	666.23	1	22880
1	995.47	666.34	1	22884
1	994.8	668.27	1	22888
1	996.02	669.78	1	22892
1	997.15	669.21	1	22896
1	996.07	668.11	1	22900
1	997.15	669.1	1	22904
1	996.46	670.08	1	22908
1	995.7	670.06	1	22912
1	996.69	668.95	1	22916
1	995.72	670.48	1	22920
1	993.57	669.26	1	22924
1	992.82	669.47	1	22928
1	992.13	671.37	1	22932
1	992.2	669.39	1	22936
1	991.96	670.53	1	22940
1	990.93	670.2	1	22944
1	992.01	671.91	1	22948
1	990.54	670.92	1	22952
1	990.07	671.79	1	22956
1	990.26	670.77	1	22960
1	992.24	671.06	1	22964
1	990.77	669.99	1	22968
1	991.58	672.57	1	22972
1	992.13	672.24	1	22976
1	992.41	673.6	1	22980
1	992.06	673.21	1	22984
1	993.62	673.07	1	22988
1	993.4	672.22	1	22992
1	994.32	674.82	1	22996
1	995.25	675.45	1	23000
1	995.24	676.92	1	23004
1	995.02	675.92	1	23008
1	995.35	677.47	1	23012
1	995.84	678.05	1	23016
1	995.39	677.69	1	23020
1	995.23	675.51	1	23024
1	995.77	674.61	1	23028
1	995.11	674.69	1	23032
1	993.2	675.04	1	23036
1	992.07	672.79	1	23040
1	992.1	671.93	1	23044
1	991.23	671.6	1	23048
1	991	672.14	1	23052
1	992.2	671.94	1	23056
1	991.08	670.94	1	23060
1	990.54	670.72	1	23064
1	989.63	670.41	1	23068
1	987.49	675.71	1	23072
1	969.07	681.34	1	23076
1	922.38	691.42	1	23080
1	833.43	801.94	1	23084
1	824.27	803.43	1	23088
1	792.17	809.47	1	23092
1	780.55	785.23	1	23096
1	765.02	776.83	1	23100
1	765.55	784.38	1	23104
1	763.83	789.38	1	23108
1	765.42	829.01	1	23112
1	764.81	830.57	1	23116
1	763.22	838.65	1	23120
1	760.78	840.88	1	23124
1	759.11	840.32	1	23128
1	757.16	844.13	1	23132
1	755.79	849.01	1	23136
1	756.61	845.99	1	23140
1	755.8	849.1	1	23144
1	754.19	848.34	1	23148
1	752.79	850.78	1	23152
1	753.09	852.36	1	23156
1	751.72	848.84	1	23160
1	750.37	850.83	1	23164
1	749.27	854.02	1	23168
1	748.44	848.71	1	23172
1	748.79	848.73	1	23176
1	748.23	849.17	1	23180
1	746.39	849.14	1	23184
1	745.25	848.26	1	23188
1	745.98	847.73	1	23192
1	745.66	847.36	1	23196
1	744.93	849.47	1	23200
1	744.82	848.71	1	23204
1	744.62	820.93	1	23208
1	745.51	847.7	1	23212
1	746.35	849.1	1	23216
1	747.24	848.87	1	23220
1	745.39	848.65	1	23224
1	746.02	849.49	1	23228
1	746.12	848.94	1	23232
1	746.72	849.88	1	23236
1	747	850.03	1	23240
1	746.1	845	1	23244
1	745.55	849.88	1	23248
1	747.15	848.5	1	23252
1	747.5	849.81	1	23256
1	746.55	848.82	1	23260
1	747.99	849.99	1	23264
1	747.44	849.32	1	23268
1	748.23	848.63	1	23272
1	748.1	850.71	1	23276
1	750.17	852.16	1	23280
1	748.55	850.2	1	23284
1	749.57	852.98	1	23288
1	752.01	852.11	1	23292
1	748.37	853.5	1	23296
1	747.09	854.5	1	23300
1	747.04	855.98	1	23304
1	744.91	856.85	1	23308
1	743	857.37	1	23312
1	738.17	860.81	1	23316
1	695.52	861.56	1	23320
1	652.16	869.88	1	23324
1	630.16	874.53	1	23328
1	631.74	905.37	1	23332
1	615.6	882.39	1	23336
1	613.03	880.25	1	23340
1	615.31	883.5	1	23344
1	614.92	883	1	23348
1	616.41	885.21	1	23352
1	613.04	883.6	1	23356
1	613.18	883.2	1	23360
1	607.02	886.36	1	23364
1	607.23	885.85	1	23368
1	607.14	884.37	1	23372
1	604.12	884.84	1	23376
1	603.9	884.32	1	23380
1	606.17	884.09	1	23384
1	605.11	882.94	1	23388
1	603.42	883.43	1	23392
1	602.44	882.37	1	23396
1	602.4	883.1	1	23400
1	602.15	883.8	1	23404
1	603.53	882.94	1	23408
1	602.35	882.6	1	23412
1	601.75	888.44	1	23416
1	603.55	888.77	1	23420
1	602.51	882.13	1	23424
1	602.45	883.68	1	23428
1	602.9	882.75	1	23432
1	604.51	884.39	1	23436
1	604.12	891.75	1	23440
1	604.16	891.65	1	23444
1	604.77	885.57	1	23448
1	604.13	895	1	23452
1	604.61	885.36	1	23456
1	605.39	892.09	1	23460
1	605.79	885.68	1	23464
1	605.1	887.01	1	23468
1	605.37	885.05	1	23472
1	605.64	885.5	1	23476
1	605.07	882.18	1	23480
1	606.48	889.63	1	23484
1	606.19	882.2	1	23488
1	605.54	894.43	1	23492
1	605.22	890.91	1	23496
1	605.06	891.59	1	23500
1	606.18	892.98	1	23504
1	605.01	896.46	1	23508
1	605.69	895.04	1	23512
1	605.55	891.62	1	23516
1	605.71	888.41	1	23520
1	605.58	895.04	1	23524
1	603.73	894.97	1	23528
1	603.4	895.54	1	23532
1	603.79	895.89	1	23536
1	603.85	896.04	1	23540
1	602.52	892.25	1	23544
1	602.3	896.91	1	23548
1	606.06	896.43	1	23552
1	626.74	893.81	1	23556
1	712.4	897.88	1	23560
1	731.41	832.53	1	23564
1	737.48	822.37	1	23568
1	757.65	767.37	1	23572
1	768.82	782.33	1	23576
1	0	0	0	23580
1	0	0	0	23584
1	0	0	0	23588
1	0	0	0	23592
1	0	0	0	23596
1	0	0	0	23600
1	0	0	0	23604
1	0	0	0	23608
1	996.12	949.78	1	23612
1	995.44	936.91	1	23616
1	990.02	885.88	1	23620
1	0	0	0	23624
1	985.2	811.54	1	23628
1	982.61	772.22	1	23632
1	977.96	736.42	1	23636
1	980.73	703.97	1	23640
1	984.5	661.9	1	23644
1	983.74	631.39	1	23648
1	986.61	628.04	1	23652
1	990.86	648.64	1	23656
1	991.89	660.01	1	23660
1	994.19	675.55	1	23664
1	999.05	681.96	1	23668
1	1007.06	700.73	1	23672
1	1007.48	699.6	1	23676
1	1009.23	693.24	1	23680
1	993.93	779.52	1	23684
1	1014.58	694.36	1	23688
1	1017.67	700.23	1	23692
1	1020.13	695.71	1	23696
1	1021.92	700.83	1	23700
1	1043.13	681.18	1	23704
1	1045.17	673.28	1	23708
1	1042.75	675.57	1	23712
1	1038.19	664.51	1	23716
1	1024.14	697.99	1	23720
1	1024.7	695.34	1	23724
1	1037.75	643.27	1	23728
1	1036.19	648.29	1	23732
1	1023.12	656.55	1	23736
1	1025.86	651.53	1	23740
1	1017.6	666.28	1	23744
1	1014.22	674.97	1	23748
1	1014.42	680.71	1	23752
1	1013.1	680.25	1	23756
1	1011.48	683.46	1	23760
1	1011.86	685.1	1	23764
1	1009.8	687.18	1	23768
1	1008.55	686.55	1	23772
1	1007.42	686.59	1	23776
1	1007.22	690.44	1	23780
1	1006.58	689.26	1	23784
1	1006.54	694.82	1	23788
1	1005.61	693.39	1	23792
1	1026.16	684.71	1	23796
1	1027.68	683.98	1	23800
1	1007.71	695.83	1	23804
1	1008.17	696.5	1	23808
1	1009.77	697.83	1	23812
1	1009.85	698.18	1	23816
1	1007.47	699.66	1	23820
1	1007.17	701.58	1	23824
1	1006.53	701.66	1	23828
1	1003.68	703.05	1	23832
1	1007.27	700.83	1	23836
1	1006.06	702.6	1	23840
1	1010.11	700.4	1	23844
1	1020.8	702.15	1	23848
1	1031.79	700.75	1	23852
1	1035.41	698.84	1	23856
1	1043.75	700.14	1	23860
1	1052.18	699.81	1	23864
1	1049.52	698.85	1	23868
1	1056.15	698.79	1	23872
1	1056.19	697.54	1	23876
1	1050.69	697.02	1	23880
1	1057.17	695.68	1	23884
1	1056.01	695.14	1	23888
1	1054.84	692.94	1	23892
1	1051.73	693.86	1	23896
1	1053.93	694.23	1	23900
1	1054.47	692.4	1	23904
1	1051.69	693.14	1	23908
1	1053.45	693.55	1	23912
1	1052.98	691.47	1	23916
1	1051.6	691.01	1	23920
1	1052.06	690.28	1	23924
1	1051.84	691.36	1	23928
1	1052.76	692.8	1	23932
1	1053.93	692.41	1	23936
1	1054.87	690.15	1	23940
1	1055.92	690.42	1	23944
1	1052.46	691.07	1	23948
1	1056.48	689.31	1	23952
1	1058.75	689.48	1	23956
1	1058.6	690.78	1	23960
1	1058.68	689.33	1	23964
1	1059.16	689.65	1	23968
1	1059.38	687.67	1	23972
1	1059.25	688.25	1	23976
1	1060.3	689.12	1	23980
1	1061.28	688.91	1	23984
1	1061.21	688.24	1	23988
1	1061.21	688.74	1	23992
1	1060.58	688.14	1	23996
1	1059.64	689.24	1	24000
1	1058.66	689.8	1	24004
1	1058.22	688.92	1	24008
1	1058.75	690.17	1	24012
1	1058.23	689.53	1	24016
1	1057.63	689.47	1	24020
1	1054.98	690.23	1	24024
1	1054.44	690.32	1	24028
1	1054.97	691.81	1	24032
1	1054.38	692.78	1	24036
1	1054.34	694.33	1	24040
1	1054.07	694.85	1	24044
1	1050.6	694.11	1	24048
1	1026.59	692.26	1	24052
1	997.24	689.18	1	24056
1	987.57	687.45	1	24060
1	980.18	687.54	1	24064
1	974.43	681.28	1	24068
1	971.32	680.29	1	24072
1	971.83	678.72	1	24076
1	973.23	675.14	1	24080
1	972.78	673.61	1	24084
1	974.1	674.19	1	24088
1	972.47	670.4	1	24092
1	972.64	671.07	1	24096
1	972.96	669.92	1	24100
1	972.39	671.14	1	24104
1	972.96	670.51	1	24108
1	973.3	671.46	1	24112
1	974.76	672.65	1	24116
1	975.14	671.08	1	24120
1	974.16	672.27	1	24124
1	973.28	672.56	1	24128
1	972.76	671.47	1	24132
1	972.44	672.06	1	24136
1	972.14	670.64	1	24140
1	971.2	671.79	1	24144
1	971.83	670.33	1	24148
1	972.68	671.64	1	24152
1	973.37	670.94	1	24156
1	971.79	671.39	1	24160
1	972.04	671.83	1	24164
1	972.87	671.49	1	24168
1	973.73	671.41	1	24172
1	976.03	671.62	1	24176
1	974.47	671.52	1	24180
1	975.15	672.1	1	24184
1	974.99	672.97	1	24188
1	974.12	673.72	1	24192
1	973.12	673.72	1	24196
1	973.43	674.31	1	24200
1	973.35	674.04	1	24204
1	972.86	673.95	1	24208
1	971.89	673.52	1	24212
1	971.72	674.11	1	24216
1	970	674.07	1	24220
1	970.19	674.91	1	24224
1	969.03	674.88	1	24228
1	968.81	675.55	1	24232
1	971.59	675.98	1	24236
1	977.45	675.77	1	24240
1	1017.51	676.73	1	24244
1	1074.32	677.01	1	24248
1	1092.27	678.96	1	24252
1	1111.8	680.59	1	24256
1	1132.71	680.66	1	24260
1	1149.6	681.73	1	24264
1	1156.63	681.81	1	24268
1	1157.65	682.98	1	24272
1	1161.62	682.86	1	24276
1	1161.31	682.13	1	24280
1	1163.68	683.45	1	24284
1	1163.19	684.18	1	24288
1	1164.47	684.54	1	24292
1	1167.59	684.47	1	24296
1	1170.26	684.26	1	24300
1	1169.69	683.6	1	24304
1	1169.44	683.26	1	24308
1	1170.7	684.21	1	24312
1	1171.15	683.61	1	24316
1	1172.09	684.38	1	24320
1	1172.04	685.29	1	24324
1	1173.74	685.45	1	24328
1	1174.59	685.76	1	24332
1	1175.59	685.66	1	24336
1	1174.46	684.8	1	24340
1	1174.28	684.8	1	24344
1	1173.99	686.31	1	24348
1	1174.72	686.97	1	24352
1	1176.39	686.84	1	24356
1	1178.31	686.62	1	24360
1	1177.53	686.98	1	24364
1	1181.02	685.77	1	24368
1	1180.08	684.14	1	24372
1	1178.74	683.62	1	24376
1	1178.84	682.46	1	24380
1	1180.59	680.57	1	24384
1	1181.79	680.69	1	24388
1	1180.57	680.31	1	24392
1	1182.38	679.85	1	24396
1	1181.52	680	1	24400
1	1180.33	679.61	1	24404
1	1180.73	678.62	1	24408
1	1180.48	678.89	1	24412
1	1179.97	679.12	1	24416
1	1180.45	679.59	1	24420
1	1179.49	679.25	1	24424
1	1179.36	679.89	1	24428
1	1179.82	680.38	1	24432
1	1179.94	680.72	1	24436
1	1179.35	680.62	1	24440
1	1178.59	680.35	1	24444
1	1178.56	680.4	1	24448
1	1180.08	680.93	1	24452
1	1177.73	681.67	1	24456
1	1177.81	682.58	1	24460
1	1177.08	682.76	1	24464
1	1177.07	683.77	1	24468
1	1178.48	685.1	1	24472
1	1176.76	685.18	1	24476
1	1178.76	685.03	1	24480
1	1177.54	685.41	1	24484
1	1176.9	685.93	1	24488
1	1176.17	687.09	1	24492
1	1175.95	687.87	1	24496
1	1175.89	688.63	1	24500
1	1176.34	689.04	1	24504
1	1176.21	688.75	1	24508
1	1176.26	690.29	1	24512
1	1174.96	690.11	1	24516
1	1175.32	690.22	1	24520
1	1176.07	690.98	1	24524
1	1176.38	690.25	1	24528
1	1177.5	690.5	1	24532
1	1178.33	690.82	1	24536
1	1177.92	689.93	1	24540
1	1179.01	689.13	1	24544
1	1180.32	687.57	1	24548
1	1180.83	688.67	1	24552
1	1182.06	687.46	1	24556
1	1183.56	687.74	1	24560
1	1178.44	687.71	1	24564
1	1121.66	687.23	1	24568
1	1064.55	686.7	1	24572
1	1024.67	686.5	1	24576
1	974.47	685.44	1	24580
1	924.74	686.62	1	24584
1	886.66	687.51	1	24588
1	844.47	689.93	1	24592
1	827.81	692.45	1	24596
1	809.55	692.92	1	24600
1	790.69	693.93	1	24604
1	788.75	696.08	1	24608
1	786.09	698.56	1	24612
1	791.33	697.99	1	24616
1	787.32	702.13	1	24620
1	788.22	705.28	1	24624
1	790.12	706.29	1	24628
1	788.01	705.99	1	24632
1	786.46	705.72	1	24636
1	784.29	707.51	1	24640
1	782.61	708.85	1	24644
1	782.96	706.72	1	24648
1	782.14	709.14	1	24652
1	782.52	709.8	1	24656
1	781.31	712.08	1	24660
1	780.09	712.09	1	24664
1	780.1	713.12	1	24668
1	779.57	712.47	1	24672
1	778.75	712.41	1	24676
1	777.63	714.37	1	24680
1	777.72	712.22	1	24684
1	776.83	710.09	1	24688
1	777.4	710.53	1	24692
1	776.72	713.42	1	24696
1	776.18	712.97	1	24700
1	777.67	711.48	1	24704
1	776.24	711.27	1	24708
1	776.04	711.83	1	24712
1	776.41	711.92	1	24716
1	776.44	712.4	1	24720
1	776.58	715.26	1	24724
1	775.42	713.45	1	24728
1	778.4	709.82	1	24732
1	776.16	714.65	1	24736
1	777.87	712.07	1	24740
1	778.6	709.33	1	24744
1	776.68	714.48	1	24748
1	776.86	706.97	1	24752
1	778.14	712.53	1	24756
1	776.95	715.98	1	24760
1	775.19	716.83	1	24764
1	777.35	707.74	1	24768
1	777.11	713.32	1	24772
1	776.17	717.64	1	24776
1	775.96	709.42	1	24780
1	774.84	711.47	1	24784
1	774.08	712.44	1	24788
1	773.51	715.58	1	24792
1	773.91	711.14	1	24796
1	773.26	714.93	1	24800
1	774.17	714.34	1	24804
1	774.63	711.34	1	24808
1	774.57	714.77	1	24812
1	771.35	712.76	1	24816
1	767.77	712.43	1	24820
1	761.4	716.12	1	24824
1	750.02	715.69	1	24828
1	740.21	717.83	1	24832
1	740.18	719.66	1	24836
1	731.98	720.02	1	24840
1	731.69	720.17	1	24844
1	728.83	719.27	1	24848
1	726.67	716.15	1	24852
1	725.56	717.45	1	24856
1	723.15	719.35	1	24860
1	721.27	718.14	1	24864
1	721.07	715.88	1	24868
1	720.45	716.58	1	24872
1	722.35	712.2	1	24876
1	721.58	709.94	1	24880
1	721.52	709.7	1	24884
1	720.68	710.56	1	24888
1	721.35	713.19	1	24892
1	721.47	711.77	1	24896
1	720.93	709.74	1	24900
1	721.4	710.41	1	24904
1	719.68	710.37	1	24908
1	718.51	709.49	1	24912
1	718.79	707.29	1	24916
1	717.04	713.2	1	24920
1	715.53	713	1	24924
1	716.08	715.56	1	24928
1	714.98	715.87	1	24932
1	714.26	714.8	1	24936
1	714.6	715.64	1	24940
1	716.37	714.64	1	24944
1	717.79	710.68	1	24948
1	719.42	716.15	1	24952
1	718.43	712.99	1	24956
1	719.25	714.72	1	24960
1	720.52	709.82	1	24964
1	721.12	709.93	1	24968
1	721.32	709.36	1	24972
1	721.54	707.81	1	24976
1	721.99	708.61	1	24980
1	721.54	705.87	1	24984
1	720.61	709.33	1	24988
1	719.17	709.81	1	24992
1	719.36	706.84	1	24996
1	720.23	704	1	25000
1	720.35	704.64	1	25004
1	720.44	708.63	1	25008
1	719.07	706.04	1	25012
1	718.86	709.94	1	25016
1	718.04	710.4	1	25020
1	718.13	712.37	1	25024
1	716.69	712.23	1	25028
1	718.84	710.34	1	25032
1	718.4	713.34	1	25036
1	718.27	714.77	1	25040
1	720.45	713.5	1	25044
1	721.65	712.85	1	25048
1	715.25	708.81	1	25052
1	719.79	713.83	1	25056
1	719.78	714.88	1	25060
1	719.63	712.66	1	25064
1	723.14	712.7	1	25068
1	724.9	712.63	1	25072
1	729.78	714.08	1	25076
1	738.33	715.17	1	25080
1	751.87	709.3	1	25084
1	762.43	715.42	1	25088
1	778.13	710.57	1	25092
1	779.63	716.77	1	25096
1	788.65	710.4	1	25100
1	785.98	708.73	1	25104
1	788.28	715.34	1	25108
1	792.05	711.75	1	25112
1	793.89	709.49	1	25116
1	795.68	703.47	1	25120
1	797.61	710.58	1	25124
1	797.9	704.54	1	25128
1	797.3	703.22	1	25132
1	795.86	706.73	1	25136
1	797.05	701.28	1	25140
1	796.63	707.02	1	25144
1	794.83	701.75	1	25148
1	795.54	700.22	1	25152
1	793.88	701.94	1	25156
1	791.91	700.19	1	25160
1	790.61	711.06	1	25164
1	790.22	716.12	1	25168
1	790.25	707.54	1	25172
1	790.74	708.7	1	25176
1	791.37	723.47	1	25180
1	789.93	710.53	1	25184
1	790.1	709.6	1	25188
1	789.56	723.55	1	25192
1	789.56	722.27	1	25196
1	790.16	725.96	1	25200
1	790.71	717.22	1	25204
1	789.71	724.84	1	25208
1	792.12	727.56	1	25212
1	792.45	712.18	1	25216
1	792.58	717.56	1	25220
1	793.34	715.85	1	25224
1	793.84	724.83	1	25228
1	793.27	723.8	1	25232
1	794.49	724.75	1	25236
1	796.61	713.1	1	25240
1	795.08	712.8	1	25244
1	795.42	719.68	1	25248
1	797.17	718.92	1	25252
1	795.93	710.25	1	25256
1	796.41	718.33	1	25260
1	795.93	718.11	1	25264
1	798.8	711.57	1	25268
1	801.57	710.05	1	25272
1	813.06	711.9	1	25276
1	824.61	702.81	1	25280
1	825.74	704.58	1	25284
1	831.89	702.42	1	25288
1	835.57	698.72	1	25292
1	840.93	697.75	1	25296
1	838.87	695.57	1	25300
1	837.44	694.21	1	25304
1	839.29	692.2	1	25308
1	840.23	695.23	1	25312
1	839.91	698.93	1	25316
1	838.62	692.83	1	25320
1	839.21	691.63	1	25324
1	838.6	694.34	1	25328
1	837.62	693.03	1	25332
1	837.07	695.59	1	25336
1	835.32	694.95	1	25340
1	835	695.9	1	25344
1	834.57	696.53	1	25348
1	834.7	703.77	1	25352
1	834.28	697.78	1	25356
1	834.85	694.41	1	25360
1	834.94	695.46	1	25364
1	834.89	694.46	1	25368
1	835.14	694.88	1	25372
1	835.88	695.44	1	25376
1	837.19	694.37	1	25380
1	837.14	703.99	1	25384
1	836.66	705.59	1	25388
1	838.2	696.63	1	25392
1	838.19	694.32	1	25396
1	838.25	692.76	1	25400
1	838.3	699.25	1	25404
1	838.22	696.41	1	25408
1	837.25	706.69	1	25412
1	838.15	699.17	1	25416
1	836.6	701.7	1	25420
1	836.66	700.5	1	25424
1	837.64	696.21	1	25428
1	838.97	697.18	1	25432
1	838.95	696.26	1	25436
1	838.65	696.71	1	25440
1	838.86	697.86	1	25444
1	840.5	698.72	1	25448
1	839.9	702.39	1	25452
1	840.28	697.57	1	25456
1	839.53	696.99	1	25460
1	840.42	696.69	1	25464
1	839.97	696.24	1	25468
1	839.56	706.19	1	25472
1	839.52	699.7	1	25476
1	838.84	705.24	1	25480
1	838.03	704.09	1	25484
1	836.9	706.97	1	25488
1	836.59	700.96	1	25492
1	835.82	700.46	1	25496
1	836.06	698.57	1	25500
1	836.36	697.98	1	25504
1	836.8	701.88	1	25508
1	838	700.26	1	25512
1	837.49	698.15	1	25516
1	837.21	697.62	1	25520
1	835.6	694.75	1	25524
1	837.8	693.08	1	25528
1	838.78	693.2	1	25532
1	837.79	694.7	1	25536
1	838.74	694.49	1	25540
1	837.41	696.34	1	25544
1	839.23	696.8	1	25548
1	839.76	695.37	1	25552
1	837.39	695.07	1	25556
1	836.91	695.83	1	25560
1	837.75	697.02	1	25564
1	837.99	696.63	1	25568
1	836.02	696.92	1	25572
1	837.06	698.88	1	25576
1	836.06	697.67	1	25580
1	836.62	697.42	1	25584
1	837.63	698.64	1	25588
1	837.9	698.45	1	25592
1	837.03	700.04	1	25596
1	837.81	699.08	1	25600
1	838.72	701.85	1	25604
1	837.42	703.12	1	25608
1	838.14	706.24	1	25612
1	838.8	704.71	1	25616
1	838.5	707.52	1	25620
1	840.6	707.9	1	25624
1	839.05	707.48	1	25628
1	837.95	709.45	1	25632
1	836.85	708.37	1	25636
1	838	706.81	1	25640
1	839.23	702.76	1	25644
1	838.63	703.56	1	25648
1	839	699.94	1	25652
1	837.64	698.63	1	25656
1	838.66	699.05	1	25660
1	836.14	708.01	1	25664
1	837.76	697.32	1	25668
1	836.23	696.14	1	25672
1	837.07	695.17	1	25676
1	838.24	693.72	1	25680
1	838.3	696.36	1	25684
1	837.2	701.24	1	25688
1	835.35	696.46	1	25692
1	836.43	695.95	1	25696
1	836.77	696.93	1	25700
1	835.21	697.64	1	25704
1	836.55	697.98	1	25708
1	835.92	697.59	1	25712
1	836.98	703.31	1	25716
1	836.94	699.42	1	25720
1	836.27	698.53	1	25724
1	835.52	704.51	1	25728
1	830.93	703.49	1	25732
1	814.94	701.06	1	25736
1	785.46	708.75	1	25740
1	764.34	704.45	1	25744
1	754.67	702.45	1	25748
1	752.16	703.52	1	25752
1	749.88	702.06	1	25756
1	750.93	712.29	1	25760
1	746.32	714.54	1	25764
1	748.29	713.68	1	25768
1	750.24	711.78	1	25772
1	748.41	706.22	1	25776
1	745.67	706.46	1	25780
1	748.38	706.38	1	25784
1	746.22	707.16	1	25788
1	747.65	705.21	1	25792
1	743.71	707.92	1	25796
1	748.47	714.11	1	25800
1	747.66	712.95	1	25804
1	748.81	706.78	1	25808
1	748.3	712.03	1	25812
1	747.27	705.92	1	25816
1	747.43	711.7	1	25820
1	746.12	709.29	1	25824
1	745.86	709.03	1	25828
1	744.01	712.78	1	25832
1	744.45	713.84	1	25836
1	744.39	715.7	1	25840
1	744.24	710.37	1	25844
1	741.84	715.45	1	25848
1	742.1	712.67	1	25852
1	741.67	706.89	1	25856
1	740.71	713.87	1	25860
1	739.88	711.2	1	25864
1	740.48	707.84	1	25868
1	739.69	706.55	1	25872
1	742.86	704.37	1	25876
1	743.43	704.36	1	25880
1	743.58	701.73	1	25884
1	742.79	712.41	1	25888
1	744.33	710.75	1	25892
1	745.01	701.93	1	25896
1	744.68	702.98	1	25900
1	746.23	702.07	1	25904
1	748.92	701.54	1	25908
1	749.03	705.88	1	25912
1	747.49	709.15	1	25916
1	747.48	705.44	1	25920
1	747.17	700.09	1	25924
1	747.59	705.21	1	25928
1	747.68	706.87	1	25932
1	747.95	701.75	1	25936
1	750.19	706.63	1	25940
1	762.82	704.78	1	25944
1	838.14	707.64	1	25948
1	881.16	706.39	1	25952
1	906.14	708	1	25956
1	916.61	705.76	1	25960
1	928.26	705.81	1	25964
1	937.41	708.08	1	25968
1	939.26	705.72	1	25972
1	940.56	706.68	1	25976
1	942	706.82	1	25980
1	941.27	705.06	1	25984
1	942.81	706.16	1	25988
1	940.59	706.02	1	25992
1	944.34	707.01	1	25996
1	947.07	706.78	1	26000
1	947.37	705.96	1	26004
1	949.46	706.84	1	26008
1	948.16	707	1	26012
1	950.57	708.28	1	26016
1	948.11	706.83	1	26020
1	951.65	705.51	1	26024
1	951.66	705.11	1	26028
1	951.32	703.94	1	26032
1	952.35	702.8	1	26036
1	953.48	702.18	1	26040
1	952.56	700.88	1	26044
1	951.82	700.59	1	26048
1	950.02	700.04	1	26052
1	950.17	698.18	1	26056
1	949.75	698.18	1	26060
1	949.93	698.24	1	26064
1	948.69	698.28	1	26068
1	947.94	700.12	1	26072
1	948.86	699.2	1	26076
1	948.61	699.6	1	26080
1	947.86	699.4	1	26084
1	948.41	701.09	1	26088
1	949.56	700.9	1	26092
1	949.31	701.41	1	26096
1	950.05	701.63	1	26100
1	950.47	700.24	1	26104
1	951.22	699.39	1	26108
1	950.14	701.05	1	26112
1	950.12	699.21	1	26116
1	951.69	700.35	1	26120
1	951.42	701.01	1	26124
1	950.4	700.62	1	26128
1	951.41	700.14	1	26132
1	949.35	700.93	1	26136
1	949.7	699.73	1	26140
1	949.5	699.69	1	26144
1	949.62	699.35	1	26148
1	948.71	701.03	1	26152
1	950.44	702.24	1	26156
1	950.18	700.43	1	26160
1	950.13	701.9	1	26164
1	949.64	703.19	1	26168
1	950.28	704.26	1	26172
1	950.59	700.83	1	26176
1	952.01	703.12	1	26180
1	951.59	703.01	1	26184
1	952.08	702.65	1	26188
1	951.89	701.69	1	26192
1	952.86	701.84	1	26196
1	954.31	699.35	1	26200
1	954.54	700.91	1	26204
1	952.7	699.95	1	26208
1	953.84	699.22	1	26212
1	953.21	696.87	1	26216
1	954.38	696.74	1	26220
1	954.65	697.29	1	26224
1	955	696.36	1	26228
1	955.16	697.01	1	26232
1	955.52	696.38	1	26236
1	956.76	695.18	1	26240
1	957.37	695.86	1	26244
1	957.11	697.77	1	26248
1	958.12	699.95	1	26252
1	957.01	699.02	1	26256
1	957.03	699.3	1	26260
1	957.5	700.75	1	26264
1	956.95	702.24	1	26268
1	958.91	698.07	1	26272
1	963.62	696.09	1	26276
1	975.75	695.82	1	26280
1	977.36	697.63	1	26284
1	976.8	696.24	1	26288
1	986.66	696.53	1	26292
1	993.41	697.01	1	26296
1	997.67	696.39	1	26300
1	994.91	693.74	1	26304
1	998.44	695.86	1	26308
1	1001.54	693.52	1	26312
1	1002.9	695.9	1	26316
1	1004.63	696.25	1	26320
1	1006.35	695.27	1	26324
1	1005.81	694.72	1	26328
1	1006.95	696.17	1	26332
1	1008.16	695.83	1	26336
1	1007.41	694.3	1	26340
1	1009.67	691.25	1	26344
1	1010.2	692.34	1	26348
1	1013.08	694.99	1	26352
1	1011.17	693.42	1	26356
1	1012.25	692.45	1	26360
1	1012.6	692.62	1	26364
1	1011.22	693.21	1	26368
1	1011.52	692.62	1	26372
1	1012.46	693.19	1	26376
1	1012.23	693.37	1	26380
1	1013.79	693.36	1	26384
1	1012.33	695.3	1	26388
1	1010.93	693.32	1	26392
1	1010.47	695.88	1	26396
1	1011.21	696.12	1	26400
1	1011.41	696.43	1	26404
1	1012.08	694.95	1	26408
1	1012.08	694.34	1	26412
1	1011.5	695.82	1	26416
1	1010.92	696.43	1	26420
1	1011.4	696.46	1	26424
1	1011.06	697.55	1	26428
1	1009.63	696.6	1	26432
1	1012.31	698.7	1	26436
1	1012.81	698.06	1	26440
1	1012.58	697.04	1	26444
1	1013.06	696.59	1	26448
1	1011.82	698.29	1	26452
1	1014.97	698.07	1	26456
1	1013.34	697.21	1	26460
1	1012.18	697.81	1	26464
1	1013.15	698.31	1	26468
1	1013.94	697.54	1	26472
1	1014.92	698.83	1	26476
1	1010.94	698.73	1	26480
1	1007.76	698.88	1	26484
1	1012.36	701.52	1	26488
1	1012.28	701.23	1	26492
1	1010.68	702.14	1	26496
1	1011.07	701.09	1	26500
1	1013	701.13	1	26504
1	1014.43	701.54	1	26508
1	1013.92	700.67	1	26512
1	1013.44	698.91	1	26516
1	1014.63	700.27	1	26520
1	1014.28	697.9	1	26524
1	1016.7	696.15	1	26528
1	1016.6	696.69	1	26532
1	1017.18	695.43	1	26536
1	1018.08	694.45	1	26540
1	1016.26	695.44	1	26544
1	1012.87	694.44	1	26548
1	1009.44	696.2	1	26552
1	1009.6	696.5	1	26556
1	1013.97	694.03	1	26560
1	1016.41	692.53	1	26564
1	1014.1	693.96	1	26568
1	1013.79	694.25	1	26572
1	1013	694.51	1	26576
1	1023.03	694.9	1	26580
1	1029.58	697.41	1	26584
1	1045.18	695.65	1	26588
1	1052.84	697.26	1	26592
1	1059.34	695.45	1	26596
1	1063.23	697.19	1	26600
1	1060.61	696.97	1	26604
1	1061.84	698.75	1	26608
1	1062.86	703.93	1	26612
1	1066.86	700.15	1	26616
1	1068.83	701.11	1	26620
1	1069.96	705.72	1	26624
1	1070.73	700.44	1	26628
1	1070.09	699.53	1	26632
1	1070.9	697.11	1	26636
1	1069.12	698.79	1	26640
1	1068.69	698.26	1	26644
1	1069.89	699.65	1	26648
1	1069.91	697.08	1	26652
1	1071	697.32	1	26656
1	1071.78	696.88	1	26660
1	1071.75	695.77	1	26664
1	1072.45	694.92	1	26668
1	1073.72	695.39	1	26672
1	1074.07	697.08	1	26676
1	1073.65	698.02	1	26680
1	1076.56	698.17	1	26684
1	1077.45	699.33	1	26688
1	1078.53	699.07	1	26692
1	1078.5	700.16	1	26696
1	1077.22	701.08	1	26700
1	1077.92	700.98	1	26704
1	1079.02	700.48	1	26708
1	1080.39	701.8	1	26712
1	1080.11	701.33	1	26716
1	1080.78	701.77	1	26720
1	1080.05	701.35	1	26724
1	1080.1	700	1	26728
1	1080.36	699.8	1	26732
1	1078.39	699.79	1	26736
1	1074.99	700.98	1	26740
1	1077.74	700.94	1	26744
1	1077.82	699	1	26748
1	1077.83	700.8	1	26752
1	1077.4	700.52	1	26756
1	1076.07	701.56	1	26760
1	1074.64	700.4	1	26764
1	1075.89	699.22	1	26768
1	1076.14	700.53	1	26772
1	1075.5	699.76	1	26776
1	1077.1	700.25	1	26780
1	1078.58	701.19	1	26784
1	1078.66	700.76	1	26788
1	1078.69	701.04	1	26792
1	1077.86	701.3	1	26796
1	1077.06	701.54	1	26800
1	1075.09	701.17	1	26804
1	1077.64	702.02	1	26808
1	1077.12	703.07	1	26812
1	1073.83	704.03	1	26816
1	1075	704.83	1	26820
1	1072.43	705.47	1	26824
1	1071.01	703.21	1	26828
1	1070.48	701.85	1	26832
1	1071.08	703.93	1	26836
1	1070.82	702.46	1	26840
1	1072.67	702.42	1	26844
1	1072.27	699.76	1	26848
1	1070.77	709.56	1	26852
1	1071.39	701.39	1	26856
1	1071.58	697.15	1	26860
1	1072.33	696.69	1	26864
1	1072.18	699.23	1	26868
1	1072.67	700.93	1	26872
1	1074.29	704.29	1	26876
1	1075.49	702.16	1	26880
1	1076.45	702.65	1	26884
1	1072.48	701.2	1	26888
1	1072.75	701.93	1	26892
1	1071.19	701.85	1	26896
1	1071.63	698.8	1	26900
1	1074.21	702.11	1	26904
1	1072.85	700.58	1	26908
1	1072.95	700.54	1	26912
1	1073.06	696.71	1	26916
1	1072.55	695.71	1	26920
1	1071.14	694.8	1	26924
1	1072.17	695.19	1	26928
1	1073.1	694.77	1	26932
1	1074.2	695.45	1	26936
1	1075.85	694.12	1	26940
1	1075.35	696.72	1	26944
1	1075.03	697.02	1	26948
1	1076.06	698.01	1	26952
1	1076.67	699.45	1	26956
1	1076.09	698.94	1	26960
1	1077.16	699.15	1	26964
1	1077.34	701.74	1	26968
1	1075.77	704.41	1	26972
1	1072.38	707.07	1	26976
1	1046.85	709.82	1	26980
1	985.61	712.63	1	26984
1	931.75	714.83	1	26988
1	894.6	726.54	1	26992
1	866.38	720.39	1	26996
1	851.47	718.05	1	27000
1	835.79	729.8	1	27004
1	825.67	735.42	1	27008
1	821.03	739.43	1	27012
1	821.37	739.62	1	27016
1	820.38	739.7	1	27020
1	819.76	739.82	1	27024
1	816.84	742.95	1	27028
1	814.35	742.2	1	27032
1	816.41	735.2	1	27036
1	813.39	742.71	1	27040
1	811.48	744.62	1	27044
1	810.55	731.61	1	27048
1	810	745.9	1	27052
1	809.45	745.55	1	27056
1	809.22	748.14	1	27060
1	808.5	747.47	1	27064
1	808.33	747.58	1	27068
1	808.82	745.43	1	27072
1	809.67	747.92	1	27076
1	809.42	748.03	1	27080
1	809.11	748.31	1	27084
1	809.49	750	1	27088
1	809.5	750.6	1	27092
1	810.74	749.03	1	27096
1	811.38	750.36	1	27100
1	812.02	749.53	1	27104
1	812.3	750.16	1	27108
1	811.98	749.52	1	27112
1	810.81	750.89	1	27116
1	809.97	749.81	1	27120
1	807.85	748.75	1	27124
1	808.74	749.88	1	27128
1	808.57	737.67	1	27132
1	808.64	746.24	1	27136
1	808.39	746.92	1	27140
1	809.71	732.86	1	27144
1	809.7	741.6	1	27148
1	808.88	733.34	1	27152
1	809.76	728.85	1	27156
1	809.34	738.01	1	27160
1	810.3	735.34	1	27164
1	812.06	738.62	1	27168
1	809.84	734.94	1	27172
1	811.08	737.25	1	27176
1	809.13	728.37	1	27180
1	810.19	737.33	1	27184
1	810.4	737.56	1	27188
1	803.87	743.1	1	27192
1	785.67	731.6	1	27196
1	761.76	743.92	1	27200
1	746.19	736.3	1	27204
1	752.52	747.88	1	27208
1	742.91	746.73	1	27212
1	743.16	747.16	1	27216
1	744.64	749.3	1	27220
1	743.97	751.75	1	27224
1	740.22	753.06	1	27228
1	738.65	752.22	1	27232
1	738.72	754.23	1	27236
1	737.44	754.06	1	27240
1	737.62	754.5	1	27244
1	739.21	756.55	1	27248
1	737.86	740.71	1	27252
1	739.05	751.1	1	27256
1	739.11	752.12	1	27260
1	738.21	752.55	1	27264
1	738.89	752.23	1	27268
1	738.48	752.12	1	27272
1	738.39	753.57	1	27276
1	738.12	734.28	1	27280
1	737.9	749.15	1	27284
1	737.79	752.75	1	27288
1	737.49	750.64	1	27292
1	738.05	750.32	1	27296
1	736.22	753.43	1	27300
1	737.13	753.85	1	27304
1	736.19	752.82	1	27308
1	737.6	752.34	1	27312
1	734.54	737.04	1	27316
1	733.34	737.91	1	27320
1	732.85	751.76	1	27324
1	730.41	731.45	1	27328
1	730.6	751.87	1	27332
1	729.75	750.8	1	27336
1	731.61	755.9	1	27340
1	731.09	753.58	1	27344
1	730.28	755.93	1	27348
1	731.6	753.86	1	27352
1	731.04	757.33	1	27356
1	731.83	757.55	1	27360
1	733.19	758.63	1	27364
1	734.81	760.09	1	27368
1	737.09	759.37	1	27372
1	740.83	752.95	1	27376
1	739.06	757.41	1	27380
1	739.42	755.84	1	27384
1	739.61	756.48	1	27388
1	739.39	755.01	1	27392
1	738.9	754.76	1	27396
1	739.14	756.37	1	27400
1	739.91	756.87	1	27404
1	738.17	756.39	1	27408
1	739.33	756.01	1	27412
1	737.33	751.54	1	27416
1	738.22	754.53	1	27420
1	739.34	754.01	1	27424
1	739.02	754.73	1	27428
1	738.76	756.28	1	27432
1	739.07	755.18	1	27436
1	739.28	759.22	1	27440
1	738.83	758.06	1	27444
1	739.2	757.51	1	27448
1	738.97	755.11	1	27452
1	739.65	756.57	1	27456
1	741.27	757.81	1	27460
1	745.97	757.97	1	27464
1	752.02	758.67	1	27468
1	776.39	758.76	1	27472
1	774.81	754.37	1	27476
1	789.41	756.53	1	27480
1	791.31	751.86	1	27484
1	801.53	753.83	1	27488
1	798.13	751.66	1	27492
1	807.2	749.3	1	27496
1	809.61	750.46	1	27500
1	806.55	751.31	1	27504
1	807.29	751.58	1	27508
1	810.25	752.52	1	27512
1	812.59	751.89	1	27516
1	810.54	751.69	1	27520
1	811.03	753.93	1	27524
1	811.42	755.69	1	27528
1	810.47	754.96	1	27532
1	812.17	756.35	1	27536
1	812.77	757.49	1	27540
1	813.5	758.02	1	27544
1	811.25	757.76	1	27548
1	812.59	757.11	1	27552
1	810.92	758.69	1	27556
1	810.74	760.28	1	27560
1	810.59	760.72	1	27564
1	813.32	760.59	1	27568
1	810.25	760.68	1	27572
1	810.2	762.4	1	27576
1	811.83	763.42	1	27580
1	809.27	765.45	1	27584
1	809	764.35	1	27588
1	810.96	764.47	1	27592
1	810.74	762.77	1	27596
1	813.65	763.07	1	27600
1	814.02	763.31	1	27604
1	815.4	763.41	1	27608
1	815.13	765.55	1	27612
1	815.2	764	1	27616
1	816.93	761.47	1	27620
1	816.64	761.15	1	27624
1	817.7	743.74	1	27628
1	817.83	758.19	1	27632
1	818.25	758.8	1	27636
1	819.49	758.82	1	27640
1	818.32	758.9	1	27644
1	818.33	757.98	1	27648
1	817.76	758.94	1	27652
1	817.45	756.6	1	27656
1	817.51	755.86	1	27660
1	817.93	755.89	1	27664
1	817.16	756.79	1	27668
1	816.67	758.08	1	27672
1	815.44	757.14	1	27676
1	814.01	757.71	1	27680
1	812.39	758.89	1	27684
1	811.6	761.51	1	27688
1	811.3	761.31	1	27692
1	811.85	764.35	1	27696
1	812.24	763.12	1	27700
1	811.28	763.02	1	27704
1	812.49	765.48	1	27708
1	813.34	763.38	1	27712
1	813.53	765.36	1	27716
1	815.97	764.86	1	27720
1	816.84	766.28	1	27724
1	818.03	764.69	1	27728
1	817.42	763.33	1	27732
1	817.21	763.46	1	27736
1	819.06	763.3	1	27740
1	818.28	763.57	1	27744
1	817.78	765.39	1	27748
1	816.43	764.94	1	27752
1	816.03	765	1	27756
1	815.74	764.07	1	27760
1	814.03	762.17	1	27764
1	814.12	760.6	1	27768
1	812.58	763.96	1	27772
1	810.79	763.55	1	27776
1	810.79	765.02	1	27780
1	810.57	763.81	1	27784
1	810.19	764.67	1	27788
1	810.41	764.75	1	27792
1	811.16	764.65	1	27796
1	810.11	763.73	1	27800
1	810.96	763.92	1	27804
1	811.54	761.98	1	27808
1	812.01	766.59	1	27812
1	811.64	764.34	1	27816
1	812.09	763.05	1	27820
1	813.02	761.56	1	27824
1	813.4	761.05	1	27828
1	812.98	739.25	1	27832
1	813.68	761.57	1	27836
1	812.88	760.76	1	27840
1	812.16	761.81	1	27844
1	811.22	759.31	1	27848
1	810.27	763.56	1	27852
1	809.58	762.48	1	27856
1	808.85	764.32	1	27860
1	812.3	760.33	1	27864
1	813.71	756.83	1	27868
1	816.43	739.72	1	27872
1	818.47	733.25	1	27876
1	819.16	728.88	1	27880
1	821.99	711.09	1	27884
1	824.38	711.93	1	27888
1	825.51	713.56	1	27892
1	826.5	709.13	1	27896
1	829.25	706.93	1	27900
1	829.25	707.05	1	27904
1	829.67	704.51	1	27908
1	831.31	702.43	1	27912
1	832.52	702.98	1	27916
1	833.03	701.96	1	27920
1	833.47	702.46	1	27924
1	833.86	703.55	1	27928
1	833.36	703.69	1	27932
1	835.79	702.29	1	27936
1	835.69	702.15	1	27940
1	836.25	701.14	1	27944
1	837.65	700.53	1	27948
1	838.56	700.16	1	27952
1	838.65	699.88	1	27956
1	838.46	700.15	1	27960
1	837.43	697.83	1	27964
1	837.02	699.12	1	27968
1	836.19	693.9	1	27972
1	835.61	696.1	1	27976
1	834.37	693.5	1	27980
1	835.37	695.2	1	27984
1	834.39	695.91	1	27988
1	832.8	696.06	1	27992
1	832.82	695.29	1	27996
1	830.89	695.96	1	28000
1	830.61	694.3	1	28004
1	830.21	696.86	1	28008
1	829.85	690.67	1	28012
1	828.2	694.37	1	28016
1	830.07	693.15	1	28020
1	830.43	694.42	1	28024
1	829.15	695.53	1	28028
1	827.7	694.91	1	28032
1	829.25	694.47	1	28036
1	829.65	694.54	1	28040
1	830.25	695.7	1	28044
1	832.21	697.09	1	28048
1	831.68	695.32	1	28052
1	830.89	697.56	1	28056
1	831.91	696.12	1	28060
1	830.22	698.71	1	28064
1	832.92	697.51	1	28068
1	831.6	693.88	1	28072
1	832.67	696.09	1	28076
1	831.11	695.94	1	28080
1	833.29	695.35	1	28084
1	833.17	693.51	1	28088
1	832.44	692.74	1	28092
1	833.64	692.89	1	28096
1	835.18	692.52	1	28100
1	834.06	686.99	1	28104
1	835.95	690.69	1	28108
1	835.04	690.21	1	28112
1	834.36	687.3	1	28116
1	834.34	689.16	1	28120
1	836.53	687.53	1	28124
1	835.86	689.55	1	28128
1	833.39	690.18	1	28132
1	833.69	692.51	1	28136
1	833.04	694.2	1	28140
1	831.9	692.48	1	28144
1	832.16	693.99	1	28148
1	831.49	693.75	1	28152
1	829.75	692.39	1	28156
1	830.34	693.77	1	28160
1	830.26	692.98	1	28164
1	829.48	695.16	1	28168
1	828.76	692.84	1	28172
1	829.54	693.61	1	28176
1	829.19	693.83	1	28180
1	830.18	694.58	1	28184
1	833.06	697.67	1	28188
1	869.71	695.99	1	28192
1	968.89	706.05	1	28196
1	0	0	0	28200
1	0	0	0	28204
1	0	0	0	28208
1	0	0	0	28212
1	0	0	0	28216
1	0	0	0	28220
1	0	0	0	28224
1	0	0	0	28228
1	0	0	0	28232
1	0	0	0	28236
1	0	0	0	28240
1	0	0	0	28244
1	0	0	0	28248
1	0	0	0	28252
1	0	0	0	28256
1	0	0	0	28260
1	0	0	0	28264
1	0	0	0	28268
1	0	0	0	28272
1	0	0	0	28276
1	0	0	0	28280
1	0	0	0	28284
1	0	0	0	28288
1	0	0	0	28292
1	0	0	0	28296
1	0	0	0	28300
1	0	0	0	28304
1	957.95	705.84	1	28308
1	963.13	684.74	1	28312
1	979.12	661.63	1	28316
1	971.98	711.34	1	28320
1	981	660.77	1	28324
1	978.58	689.91	1	28328
1	952.44	683.86	1	28332
1	949.4	724.9	1	28336
1	951.11	697.62	1	28340
1	956.78	736.92	1	28344
1	945.17	699.71	1	28348
1	948.12	746.9	1	28352
1	949.34	712.59	1	28356
1	951.69	717.56	1	28360
1	951.55	723.09	1	28364
1	945.35	757.2	1	28368
1	946.99	766.05	1	28372
1	946.59	769.41	1	28376
1	946.75	735.69	1	28380
1	945.98	773.82	1	28384
1	945.56	749.45	1	28388
1	947.85	775.51	1	28392
1	949.59	751.43	1	28396
1	951.74	774.39	1	28400
1	947.3	779.1	1	28404
1	948.09	780.28	1	28408
1	949.5	781.18	1	28412
1	949.12	781.04	1	28416
1	952.39	755.23	1	28420
1	955.46	780.77	1	28424
1	954.03	781.61	1	28428
1	954.87	754.69	1	28432
1	954.78	752	1	28436
1	953.74	748.69	1	28440
1	953.36	744.95	1	28444
1	953.14	767.69	1	28448
1	957.13	742.67	1	28452
1	955.22	737.97	1	28456
1	955.84	740.58	1	28460
1	951.84	742.89	1	28464
1	952.58	741.17	1	28468
1	950.62	740.67	1	28472
1	948.85	763.46	1	28476
1	944.97	739.37	1	28480
1	935.03	739.75	1	28484
1	927.39	770.42	1	28488
1	919.55	766.52	1	28492
1	915.95	765.02	1	28496
1	912.16	772.84	1	28500
1	910.57	772.88	1	28504
1	911.28	773.69	1	28508
1	907.08	774.34	1	28512
1	909.06	771.49	1	28516
1	911.14	768.85	1	28520
1	912.54	768.93	1	28524
1	912.99	738.64	1	28528
1	917.4	747.33	1	28532
1	918.36	739.85	1	28536
1	919.73	758.54	1	28540
1	915.23	757.06	1	28544
1	916.55	757.81	1	28548
1	915.11	760.18	1	28552
1	913.32	755	1	28556
1	914.18	760.85	1	28560
1	911.88	758.6	1	28564
1	911.42	757.46	1	28568
1	907.15	762.23	1	28572
1	907.92	748.09	1	28576
1	905.81	763.33	1	28580
1	905.51	762.04	1	28584
1	905.12	766.46	1	28588
1	906.63	766.71	1	28592
1	905.16	764.78	1	28596
1	906.51	769.67	1	28600
1	909.78	763.66	1	28604
1	907.12	764.55	1	28608
1	906.83	752.9	1	28612
1	904.78	765.56	1	28616
1	909.44	742.37	1	28620
1	907.82	763.23	1	28624
1	908.84	763.96	1	28628
1	909.53	767.29	1	28632
1	908.57	764.06	1	28636
1	911.76	769.77	1	28640
1	910.19	761.04	1	28644
1	907.71	761.1	1	28648
1	908.86	766.38	1	28652
1	908.19	752.25	1	28656
1	909	767.69	1	28660
1	909.13	757.17	1	28664
1	911.58	769.97	1	28668
1	910.18	751.39	1	28672
1	908.81	768.39	1	28676
1	908.55	745.16	1	28680
1	907.2	743.8	1	28684
1	906.94	767.93	1	28688
1	907.37	744.09	1	28692
1	908.75	743.6	1	28696
1	912.43	768.47	1	28700
1	911.19	764.11	1	28704
1	910.99	764.44	1	28708
1	906.96	755.5	1	28712
1	906.03	762.96	1	28716
1	909.39	763.61	1	28720
1	912.51	765.44	1	28724
1	916.02	764.21	1	28728
1	913.32	763.87	1	28732
1	911.36	769.29	1	28736
1	912.91	769.2	1	28740
1	910.93	767.66	1	28744
1	912.7	768.6	1	28748
1	915.68	771.59	1	28752
1	951.23	758.03	1	28756
1	995.38	763.4	1	28760
1	1014.47	744.56	1	28764
1	1028.57	736.68	1	28768
1	1047.97	749.08	1	28772
1	1058.12	740.4	1	28776
1	1069.79	743.08	1	28780
1	1069.89	763.08	1	28784
1	1077.3	743.21	1	28788
1	1076.3	742.03	1	28792
1	1074.26	740.79	1	28796
1	1077.57	738.03	1	28800
1	1080.08	752.73	1	28804
1	1082.36	736.31	1	28808
1	1084.39	741.46	1	28812
1	1085.33	743.44	1	28816
1	1085.82	743.23	1	28820
1	1084.69	742.34	1	28824
1	1085.42	742.62	1	28828
1	1086.07	741.22	1	28832
1	1087.07	742.28	1	28836
1	1089.55	744.13	1	28840
1	1088.56	743.98	1	28844
1	1089.12	742.49	1	28848
1	1088.8	752.59	1	28852
1	1089.86	741.56	1	28856
1	1090.36	743.95	1	28860
1	1089.5	742.93	1	28864
1	1089.96	744.05	1	28868
1	1092.01	745.35	1	28872
1	1091.01	743.36	1	28876
1	1090.72	742	1	28880
1	1091.74	741.84	1	28884
1	1093.39	740.59	1	28888
1	1093.74	739.27	1	28892
1	1094.51	741.55	1	28896
1	1095.7	743.11	1	28900
1	1093.65	741.98	1	28904
1	1095.2	742.09	1	28908
1	1095.46	739.79	1	28912
1	1094.26	739.13	1	28916
1	1095.36	739.25	1	28920
1	1095.56	737.23	1	28924
1	1095.28	736.84	1	28928
1	1093.87	737.49	1	28932
1	1092.48	741.8	1	28936
1	1093.95	737.69	1	28940
1	1093.35	736.58	1	28944
1	1090.9	747.76	1	28948
1	1092.61	739.03	1	28952
1	1091.35	750.51	1	28956
1	1092.67	749.77	1	28960
1	1091.12	746.99	1	28964
1	1091.25	748.84	1	28968
1	1090.79	746.68	1	28972
1	1091.32	746.1	1	28976
1	1090.42	747.42	1	28980
1	1089.74	747.27	1	28984
1	1090.42	748.48	1	28988
1	1091.38	745.74	1	28992
1	1091.59	746.44	1	28996
1	1092.16	743.05	1	29000
1	1093.03	743.57	1	29004
1	1093.12	741.7	1	29008
1	1092.29	741.1	1	29012
1	1091.01	744.39	1	29016
1	1091.06	744.42	1	29020
1	1089.73	744.41	1	29024
1	1088.33	746.95	1	29028
1	1084.43	754.94	1	29032
1	1088.28	747.08	1	29036
1	1085.9	748.34	1	29040
1	1087.29	747.24	1	29044
1	1083.87	743.96	1	29048
1	1088.14	746.27	1	29052
1	1103.06	754.5	1	29056
1	1157.65	751.33	1	29060
1	1191.29	751	1	29064
1	1205.78	752.58	1	29068
1	1212.65	754.03	1	29072
1	1215.02	757.07	1	29076
1	1218.12	762.72	1	29080
1	1220.9	760.93	1	29084
1	1219.31	758.12	1	29088
1	1222.6	759.76	1	29092
1	1222.18	759.74	1	29096
1	1221.43	762.59	1	29100
1	1223.89	758.86	1	29104
1	1225.07	758.82	1	29108
1	1224.73	760.37	1	29112
1	1225.71	759.97	1	29116
1	1224.63	759.72	1	29120
1	1225.05	755.64	1	29124
1	1223.93	758.62	1	29128
1	1225.12	752.81	1	29132
1	1223.02	760.41	1	29136
1	1223.53	755.55	1	29140
1	1222.41	756.03	1	29144
1	1223.35	755.28	1	29148
1	1220.68	761.74	1	29152
1	1222.3	756.34	1	29156
1	1220.9	758.5	1	29160
1	1220.93	752.33	1	29164
1	1220.47	756.57	1	29168
1	1220.98	759.36	1	29172
1	1219.6	760.72	1	29176
1	1219.44	763.24	1	29180
1	1219.04	759.67	1	29184
1	1219.32	759.11	1	29188
1	1218.15	759.04	1	29192
1	1219.11	752.5	1	29196
1	1218.15	757.14	1	29200
1	1218.59	764.57	1	29204
1	1219.61	757.09	1	29208
1	1219.68	756.9	1	29212
1	1220.29	757.49	1	29216
1	1221.57	756.92	1	29220
1	1220.15	761.32	1	29224
1	1221.09	763.75	1	29228
1	1221.7	754.67	1	29232
1	1222.24	757.97	1	29236
1	1222.49	760.49	1	29240
1	1222.91	757.45	1	29244
1	1222.17	756.61	1	29248
1	1219.67	758.22	1	29252
1	1220.67	757.27	1	29256
1	1221.1	756.58	1	29260
1	1221.74	752.86	1	29264
1	1222.47	759.78	1	29268
1	1221.22	754.5	1	29272
1	1218.67	752.08	1	29276
1	1219.23	758.22	1	29280
1	1221.75	754.22	1	29284
1	1220.49	760.85	1	29288
1	1220.74	754.05	1	29292
1	1222.81	766.06	1	29296
1	1222.31	766.5	1	29300
1	1220.62	767.28	1	29304
1	1220.05	758.05	1	29308
1	1220.5	758.46	1	29312
1	1219.05	765.45	1	29316
1	1216.85	762.2	1	29320
1	1178.15	757.26	1	29324
1	1083.84	771.69	1	29328
1	1037.32	752.85	1	29332
1	986.98	755.73	1	29336
1	955.21	777.64	1	29340
1	910.01	754.62	1	29344
1	868.86	793.63	1	29348
1	854.59	788.29	1	29352
1	843.37	764.23	1	29356
1	829.48	790.83	1	29360
1	827.87	796.56	1	29364
1	830.39	797.07	1	29368
1	833.87	792.2	1	29372
1	831.25	763.08	1	29376
1	828.37	772.01	1	29380
1	823.97	795.34	1	29384
1	823.78	794.82	1	29388
1	822.42	790.66	1	29392
1	822.13	788.11	1	29396
1	821.22	767.65	1	29400
1	822.51	763.15	1	29404
1	822.06	765.79	1	29408
1	822.21	792.74	1	29412
1	820.72	766.25	1	29416
1	821.28	791.87	1	29420
1	821.35	787.88	1	29424
1	823.01	767.21	1	29428
1	822.83	763.16	1	29432
1	824.88	762.2	1	29436
1	824.14	762.78	1	29440
1	821.67	759.64	1	29444
1	819.05	786.64	1	29448
1	819.64	790.23	1	29452
1	819	764.54	1	29456
1	819.4	790.06	1	29460
1	820.26	782.1	1	29464
1	819.23	763.64	1	29468
1	816.77	790.72	1	29472
1	817.42	792.3	1	29476
1	816.14	796.81	1	29480
1	813.62	795.67	1	29484
1	814.95	799.01	1	29488
1	816.01	800.82	1	29492
1	816.99	798.12	1	29496
1	815.68	797.22	1	29500
1	813.11	797.99	1	29504
1	812.37	798.49	1	29508
1	812.75	797.98	1	29512
1	813.2	796.45	1	29516
1	813.54	799.27	1	29520
1	813.48	797.22	1	29524
1	815.41	799.95	1	29528
1	813.77	799.86	1	29532
1	814.67	798.19	1	29536
1	813.85	800.07	1	29540
1	815.08	803.06	1	29544
1	818.13	804.68	1	29548
1	841.76	787.8	1	29552
1	915.62	776.73	1	29556
1	964.08	759.91	1	29560
1	998.38	747.11	1	29564
1	1018.3	747.19	1	29568
1	1035.68	754.8	1	29572
1	1062.94	741.2	1	29576
1	1074.46	750.91	1	29580
1	1087.73	754.42	1	29584
1	1106.82	750.36	1	29588
1	1112.31	752.41	1	29592
1	1117.5	752.39	1	29596
1	1113.35	748.94	1	29600
1	1118.16	751	1	29604
1	1115.96	754.25	1	29608
1	1121.02	754.35	1	29612
1	1122.05	755.65	1	29616
1	1123.17	755.21	1	29620
1	1123.91	756.29	1	29624
1	1126.09	755.07	1	29628
1	1124.97	752.82	1	29632
1	1126.14	752.62	1	29636
1	1126.87	748.02	1	29640
1	1127.77	749.16	1	29644
1	1127.44	750.83	1	29648
1	1128.38	747.1	1	29652
1	1128.88	749.27	1	29656
1	1128.7	745.38	1	29660
1	1129.03	748.58	1	29664
1	1129.18	748.45	1	29668
1	1129.51	750.89	1	29672
1	1132.12	749.27	1	29676
1	1132.21	749.9	1	29680
1	1130.43	750	1	29684
1	1129.85	753.1	1	29688
1	1130.27	751.41	1	29692
1	1130.64	752.34	1	29696
1	1129.63	751.53	1	29700
1	1130.33	750.94	1	29704
1	1130.24	750.03	1	29708
1	1132.52	750.93	1	29712
1	1131.9	750.09	1	29716
1	1131.08	749.28	1	29720
1	1130.04	747.67	1	29724
1	1131.89	749.06	1	29728
1	1133.46	748.93	1	29732
1	1133.34	747.45	1	29736
1	1133.36	747.17	1	29740
1	1134.59	749.11	1	29744
1	1134.04	748.02	1	29748
1	1133.79	749.54	1	29752
1	1132.36	748.71	1	29756
1	1131.92	749.09	1	29760
1	1132.7	751.98	1	29764
1	1133.32	751.2	1	29768
1	1133.51	753.25	1	29772
1	1132.6	752.61	1	29776
1	1131.42	754.85	1	29780
1	1131.24	755.26	1	29784
1	1131.87	754.44	1	29788
1	1130.89	755.89	1	29792
1	1131.35	753.94	1	29796
1	1132.66	755.58	1	29800
1	1132.32	753.73	1	29804
1	1132.21	755.36	1	29808
1	1131.04	754.53	1	29812
1	1131.32	752.05	1	29816
1	1132.14	753.84	1	29820
1	1131.58	752.96	1	29824
1	1132.37	753.22	1	29828
1	1131.25	750.93	1	29832
1	1131.07	751.14	1	29836
1	1131.79	752.09	1	29840
1	1130.84	751.86	1	29844
1	1130.79	752.19	1	29848
1	1132.24	752.5	1	29852
1	1132.51	753.06	1	29856
1	1132.52	754.33	1	29860
1	1132.35	759.35	1	29864
1	1133.02	759.18	1	29868
1	1133.03	759.89	1	29872
1	1133.54	763.17	1	29876
1	1133.35	764.55	1	29880
1	1133.93	763.86	1	29884
1	1134.6	764.21	1	29888
1	1135.59	763.37	1	29892
1	1133.24	764.2	1	29896
1	1135.18	765.27	1	29900
1	1135.62	764.16	1	29904
1	1135.77	761.65	1	29908
1	1134.38	761.13	1	29912
1	1128.19	751.59	1	29916
1	1127.59	727.31	1	29920
1	1121.24	691.43	1	29924
1	1125.42	684.21	1	29928
1	1123.24	682.26	1	29932
1	1119.64	688.33	1	29936
1	1117.66	684.93	1	29940
1	1114.36	685.05	1	29944
1	1115.64	680.51	1	29948
1	1114.01	680.82	1	29952
1	1113.28	681.7	1	29956
1	1114.29	679.07	1	29960
1	1114.18	677.43	1	29964
1	1113.76	678	1	29968
1	1112.38	679.25	1	29972
1	1111.18	679.73	1	29976
1	1110.11	680.46	1	29980
1	1110.22	679.13	1	29984
1	1109.59	680.24	1	29988
1	1107.53	679.07	1	29992
1	1106.46	678.73	1	29996
1	1104.95	679.45	1	30000
1	1104.99	679.87	1	30004
1	1103.68	680.48	1	30008
1	1104.48	680.16	1	30012
1	1104.56	681.05	1	30016
1	1103.34	679.56	1	30020
1	1103.7	679.12	1	30024
1	1104.06	678.42	1	30028
1	1104.38	677.54	1	30032
1	1105.34	679.96	1	30036
1	1106.67	680.94	1	30040
1	1107.95	678.2	1	30044
1	1108.85	677.52	1	30048
1	1109.57	679.69	1	30052
1	1108.73	681.46	1	30056
1	1110.05	680.33	1	30060
1	1110.89	680.79	1	30064
1	1111.52	682.2	1	30068
1	1111.68	683.4	1	30072
1	1111.02	683.02	1	30076
1	1112.15	682.64	1	30080
1	1111.96	682.51	1	30084
1	1111.78	682.51	1	30088
1	1111.77	682.91	1	30092
1	1112.64	682.93	1	30096
1	1112.35	682.68	1	30100
1	1112.55	681.35	1	30104
1	1113.3	681.73	1	30108
1	1112.87	681.73	1	30112
1	1113.61	680.69	1	30116
1	1114.66	680.02	1	30120
1	1114.26	679.64	1	30124
1	1115.22	679.38	1	30128
1	1115.12	679.03	1	30132
1	1115.92	678.85	1	30136
1	1115.54	677.58	1	30140
1	1115.02	675.75	1	30144
1	1114.03	676.53	1	30148
1	1112.57	675.04	1	30152
1	1113.04	674.82	1	30156
1	1112.73	674.35	1	30160
1	1113.62	676.61	1	30164
1	1112.42	677.7	1	30168
1	1111.76	676.71	1	30172
1	1112.02	678.75	1	30176
1	1110.86	681.51	1	30180
1	1110.64	682.43	1	30184
1	1109.69	685.41	1	30188
1	1109.17	686.69	1	30192
1	1109.19	688.38	1	30196
1	1110.19	689.31	1	30200
1	1108.58	691.91	1	30204
1	1107.57	690.88	1	30208
1	1106.96	693	1	30212
1	1106.8	694.34	1	30216
1	1105.81	694.77	1	30220
1	1106.47	693.78	1	30224
1	1106.78	694.08	1	30228
1	1107.18	694.05	1	30232
1	1106.78	692.16	1	30236
1	1107.64	691.15	1	30240
1	1106.72	689.39	1	30244
1	1107.46	689.02	1	30248
1	1108.34	687.31	1	30252
1	1109.68	685.16	1	30256
1	1109.89	685.49	1	30260
1	1110.56	682.55	1	30264
1	1110.39	681.59	1	30268
1	1110.8	680.42	1	30272
1	1109.64	679.48	1	30276
1	1111.42	680.58	1	30280
1	1112.44	680.9	1	30284
1	1113.14	679.82	1	30288
1	1112.99	678.36	1	30292
1	1112.87	678.14	1	30296
1	1112.17	677.92	1	30300
1	1113.32	679.29	1	30304
1	1113.69	679.94	1	30308
1	1112.05	680.72	1	30312
1	1111.5	679.45	1	30316
1	1111.76	677.29	1	30320
1	1112.16	678.03	1	30324
1	1110.96	677.3	1	30328
1	1110.27	678.71	1	30332
1	1108.12	678.54	1	30336
1	1108.05	680.06	1	30340
1	1109.33	681.09	1	30344
1	1108.11	679.46	1	30348
1	1107.34	679.24	1	30352
1	1107.26	678.4	1	30356
1	1108.67	677.98	1	30360
1	1108.07	679.15	1	30364
1	1106.26	680.3	1	30368
1	1105.8	680.04	1	30372
1	1105.45	683.19	1	30376
1	1105.33	682.47	1	30380
1	1101.42	680.42	1	30384
1	1055.61	688.16	1	30388
1	989.79	688.64	1	30392
1	935.31	686.28	1	30396
1	891.78	685.13	1	30400
1	873.65	684.64	1	30404
1	845.07	684.86	1	30408
1	816.54	684	1	30412
1	801.38	682.56	1	30416
1	797.48	681.95	1	30420
1	796.15	679.44	1	30424
1	798.54	680.01	1	30428
1	798.85	678.77	1	30432
1	799.32	678.59	1	30436
1	798.46	677.83	1	30440
1	797.4	678.03	1	30444
1	795.72	677.26	1	30448
1	795.26	677.74	1	30452
1	794.71	678.96	1	30456
1	795.52	679.42	1	30460
1	795.85	680.25	1	30464
1	795.92	681.03	1	30468
1	794.59	682.09	1	30472
1	793.35	683.21	1	30476
1	792.54	683.57	1	30480
1	792.52	682.09	1	30484
1	792.82	682.75	1	30488
1	792.61	682.85	1	30492
1	791.66	682.18	1	30496
1	790.92	683.48	1	30500
1	792.02	683.81	1	30504
1	789.62	683.32	1	30508
1	789.92	684.04	1	30512
1	790.79	682.83	1	30516
1	790.51	683.08	1	30520
1	790.9	684.73	1	30524
1	790.51	686.22	1	30528
1	790.02	685.01	1	30532
1	789.68	684.83	1	30536
1	790.01	686.63	1	30540
1	791.3	684.89	1	30544
1	788.83	683.94	1	30548
1	791.68	682.31	1	30552
1	787.72	681.91	1	30556
1	786.31	680.32	1	30560
1	785.63	680.86	1	30564
1	783.38	679.95	1	30568
1	785.26	678.7	1	30572
1	784.27	681.12	1	30576
1	784.35	682.25	1	30580
1	781.85	683.37	1	30584
1	781.53	680.37	1	30588
1	781.61	677.72	1	30592
1	781.52	678.33	1	30596
1	782.04	677.78	1	30600
1	783.3	677.95	1	30604
1	784.18	677.34	1	30608
1	784.35	676.41	1	30612
1	784.55	676.93	1	30616
1	784.87	677.18	1	30620
1	784.47	676.16	1	30624
1	785.78	675.04	1	30628
1	786.35	674.43	1	30632
1	785.9	674.65	1	30636
1	785.71	675.95	1	30640
1	788.7	677.14	1	30644
1	800.4	677.12	1	30648
1	835.84	677.85	1	30652
1	878.84	678.07	1	30656
1	888.53	677.46	1	30660
1	892.81	676.82	1	30664
1	903.46	674.78	1	30668
1	914.07	674.11	1	30672
1	920.21	674.82	1	30676
1	923.14	674.46	1	30680
1	921.79	673.66	1	30684
1	923.18	672.33	1	30688
1	924.28	672.1	1	30692
1	925.6	672.19	1	30696
1	928.83	672.81	1	30700
1	930.04	672.15	1	30704
1	931.83	672.29	1	30708
1	933.26	672.66	1	30712
1	934.16	672.97	1	30716
1	933.49	671.93	1	30720
1	933.89	673.17	1	30724
1	933.89	674.24	1	30728
1	935.49	675.65	1	30732
1	934.66	676.53	1	30736
1	935.76	674.91	1	30740
1	935.28	675.33	1	30744
1	935.69	676.09	1	30748
1	936.62	674.27	1	30752
1	935.63	676.28	1	30756
1	936.36	677.34	1	30760
1	936.04	678.7	1	30764
1	937.05	678.09	1	30768
1	936.4	678.19	1	30772
1	934.78	678.18	1	30776
1	935.42	676.32	1	30780
1	936.79	675.4	1	30784
1	936.66	675.54	1	30788
1	936.39	674.74	1	30792
1	935.5	676.18	1	30796
1	936.72	675.53	1	30800
1	937.37	674.58	1	30804
1	935.52	674.48	1	30808
1	935.82	674.26	1	30812
1	936.54	673.61	1	30816
1	937.64	673.29	1	30820
1	939.34	673.57	1	30824
1	938.83	675.14	1	30828
1	938.24	676.43	1	30832
1	939.05	677.99	1	30836
1	939.51	675.46	1	30840
1	939.31	675.31	1	30844
1	939.83	676.9	1	30848
1	939.54	676.36	1	30852
1	939.12	676.61	1	30856
1	938.46	678.1	1	30860
1	937.3	678.78	1	30864
1	936.02	678.14	1	30868
1	933.98	678.18	1	30872
1	933.78	679.58	1	30876
1	933.29	677.7	1	30880
1	932.87	679.33	1	30884
1	932.93	679.2	1	30888
1	931.84	679.22	1	30892
1	932.18	679.16	1	30896
1	932.58	680.43	1	30900
1	934.6	678.52	1	30904
1	936.82	678.53	1	30908
1	936.96	678.13	1	30912
1	938.13	677.96	1	30916
1	938.62	677.67	1	30920
1	938.69	678.21	1	30924
1	938.54	677.04	1	30928
1	938.48	675.8	1	30932
1	938.78	676.39	1	30936
1	937.72	676.24	1	30940
1	938.34	676.49	1	30944
1	937.18	677.24	1	30948
1	937.38	679	1	30952
1	935.21	678.7	1	30956
1	934.97	676.24	1	30960
1	935.06	675.55	1	30964
1	935.87	674.03	1	30968
1	934.47	675.3	1	30972
1	934.87	677.7	1	30976
1	936.11	678.82	1	30980
1	936.5	680.53	1	30984
1	935.94	681.25	1	30988
1	934.85	684.53	1	30992
1	934.2	688.48	1	30996
1	931.64	696.51	1	31000
1	926.39	717.11	1	31004
1	920.9	789.19	1	31008
1	915.66	788.83	1	31012
1	912.13	797.15	1	31016
1	908.08	797.66	1	31020
1	909.43	801.54	1	31024
1	904.63	800.39	1	31028
1	902	803.48	1	31032
1	899.63	802.32	1	31036
1	898.56	802.34	1	31040
1	897.97	805.07	1	31044
1	898.62	770.22	1	31048
1	897.96	805.59	1	31052
1	896.92	807.74	1	31056
1	895.62	808.63	1	31060
1	897.43	761.83	1	31064
1	895.48	808.01	1	31068
1	896.3	810.99	1	31072
1	894.42	813.35	1	31076
1	895.81	813.26	1	31080
1	895.87	814.94	1	31084
1	895.42	815.63	1	31088
1	894.26	816.57	1	31092
1	893.04	817.15	1	31096
1	893.46	817.53	1	31100
1	895.09	818.79	1	31104
1	893.57	820.2	1	31108
1	893	821.06	1	31112
1	890.22	820.59	1	31116
1	891.98	821.11	1	31120
1	891.25	819.74	1	31124
1	893.85	820.92	1	31128
1	895.08	819.56	1	31132
1	895.05	819.35	1	31136
1	896.22	818.74	1	31140
1	896.04	820.08	1	31144
1	897.07	818.76	1	31148
1	897.22	817.11	1	31152
1	898.86	767.85	1	31156
1	900.09	774.03	1	31160
1	901.14	815.5	1	31164
1	901.21	815.59	1	31168
1	898.61	816.08	1	31172
1	899.51	817.83	1	31176
1	900.12	818.78	1	31180
1	898.02	819.51	1	31184
1	898.69	819.42	1	31188
1	897.16	820.45	1	31192
1	899.14	821.27	1	31196
1	895.55	822.06	1	31200
1	896.86	822.91	1	31204
1	895.73	820.49	1	31208
1	892.44	823.52	1	31212
1	895.89	824.56	1	31216
1	893.97	824.24	1	31220
1	896.59	823.85	1	31224
1	893.99	823.5	1	31228
1	891.82	825.07	1	31232
1	888.58	826.09	1	31236
1	875.17	826.42	1	31240
1	838.37	827.42	1	31244
1	795.82	828.21	1	31248
1	780.38	827.93	1	31252
1	772.2	826.49	1	31256
1	760.09	826.42	1	31260
1	754.92	825.59	1	31264
1	753.23	825.54	1	31268
1	751.49	824.37	1	31272
1	754.5	823.45	1	31276
1	749.62	823.13	1	31280
1	749.82	822.53	1	31284
1	748.45	822.2	1	31288
1	746.83	821.59	1	31292
1	745.27	822.71	1	31296
1	744.58	822.79	1	31300
1	746.02	822.92	1	31304
1	746.45	823.8	1	31308
1	746.78	823.47	1	31312
1	746.55	824.75	1	31316
1	746.7	825.1	1	31320
1	746.97	823.98	1	31324
1	746.52	826.27	1	31328
1	746.09	826.48	1	31332
1	745.96	823.8	1	31336
1	745.67	826.26	1	31340
1	745.32	825.76	1	31344
1	745.32	825.41	1	31348
1	744.57	825.18	1	31352
1	742.45	825.45	1	31356
1	743.43	826.01	1	31360
1	743.39	826.53	1	31364
1	743.5	826.48	1	31368
1	744.8	826.05	1	31372
1	745.6	824.75	1	31376
1	745.24	825.58	1	31380
1	746.03	824.22	1	31384
1	745.28	822.33	1	31388
1	744.92	821.17	1	31392
1	745.23	822.76	1	31396
1	745.28	821.09	1	31400
1	746.13	820.81	1	31404
1	745.14	819.17	1	31408
1	744.82	819.02	1	31412
1	744.85	817.08	1	31416
1	745.76	818.75	1	31420
1	744.76	820.46	1	31424
1	744.89	820.61	1	31428
1	743.91	821.42	1	31432
1	745.58	822.15	1	31436
1	744.96	821.54	1	31440
1	746.51	820.91	1	31444
1	745.02	821.73	1	31448
1	744.9	821.76	1	31452
1	743.18	822.67	1	31456
1	743.06	824.05	1	31460
1	742.53	824.23	1	31464
1	741.77	823.72	1	31468
1	740	823.86	1	31472
1	741.4	824.17	1	31476
1	739.88	822.27	1	31480
1	743.97	822.7	1	31484
1	773.25	825.46	1	31488
1	814.37	825.7	1	31492
1	848.99	827.66	1	31496
1	880.89	827.89	1	31500
1	882.69	831.3	1	31504
1	901.34	833.7	1	31508
1	919.45	838.51	1	31512
1	929.02	836.63	1	31516
1	932.69	836.55	1	31520
1	934.48	838.91	1	31524
1	936.89	842.07	1	31528
1	937.68	841.98	1	31532
1	940.64	843	1	31536
1	941.22	842.64	1	31540
1	943.55	842.84	1	31544
1	942.9	842.39	1	31548
1	945.89	841.64	1	31552
1	946.95	840.81	1	31556
1	947.89	841.21	1	31560
1	948.55	841.19	1	31564
1	949.02	841.51	1	31568
1	950.24	840.55	1	31572
1	951.26	840.67	1	31576
1	949.42	842.17	1	31580
1	950.86	841.79	1	31584
1	950.15	843	1	31588
1	950.27	842.55	1	31592
1	951.28	844.64	1	31596
1	953.04	844.73	1	31600
1	951.99	843.64	1	31604
1	952.84	845.05	1	31608
1	953.92	842.87	1	31612
1	954.66	846.31	1	31616
1	954.89	844.03	1	31620
1	957.54	844.32	1	31624
1	955.44	834.08	1	31628
1	955.72	738.74	1	31632
1	949.99	642.53	1	31636
1	943.84	614.44	1	31640
1	932.37	563.58	1	31644
1	906.12	511.25	1	31648
1	894.68	472.61	1	31652
1	869.47	427.63	1	31656
1	858.51	389.07	1	31660
1	836.01	362.69	1	31664
1	819.76	338.91	1	31668
1	802.78	318.07	1	31672
1	780.02	310.24	1	31676
1	767.23	301.01	1	31680
1	754.68	291.38	1	31684
1	735.75	286.12	1	31688
1	729.55	280.11	1	31692
1	727.1	273.97	1	31696
1	727.32	272.58	1	31700
1	722.55	266.92	1	31704
1	721.29	265.72	1	31708
1	717.77	261.6	1	31712
1	716.63	259.13	1	31716
1	715.22	255.73	1	31720
1	713.84	251.3	1	31724
1	712.63	250.36	1	31728
1	713.46	247.12	1	31732
1	713.77	246.05	1	31736
1	713.51	243.86	1	31740
1	714.26	242.95	1	31744
1	715.18	241.25	1	31748
1	714.04	240.17	1	31752
1	714.13	238.52	1	31756
1	713.86	238.24	1	31760
1	713.79	238.35	1	31764
1	713.87	237.83	1	31768
1	714.09	236.99	1	31772
1	712.51	238.72	1	31776
1	712.09	238.17	1	31780
1	711.86	238.42	1	31784
1	711.23	238.26	1	31788
1	709.89	238.59	1	31792
1	709.89	238.84	1	31796
1	711.02	239.06	1	31800
1	710.57	239.83	1	31804
1	711.16	239.18	1	31808
1	710.08	239.85	1	31812
1	710.78	239.82	1	31816
1	710.29	239.69	1	31820
1	709.33	237.96	1	31824
1	708.94	239.13	1	31828
1	709.54	238.59	1	31832
1	709.61	238.22	1	31836
1	710.13	238.87	1	31840
1	709.58	239.17	1	31844
1	709.7	239.34	1	31848
1	709.65	240.54	1	31852
1	710.01	241.12	1	31856
1	709.7	242.49	1	31860
1	708.47	242.23	1	31864
1	708.72	242.95	1	31868
1	708.85	242.83	1	31872
1	708.55	243.9	1	31876
1	708.23	243.4	1	31880
1	707.21	242.92	1	31884
1	707.05	242.12	1	31888
1	705.89	242.83	1	31892
1	705.34	240.98	1	31896
1	704.82	238.39	1	31900
1	704.03	237.29	1	31904
1	703.79	236.97	1	31908
1	703.48	236.37	1	31912
1	703.42	235.67	1	31916
1	703.22	232.79	1	31920
1	703.93	233.44	1	31924
1	703.15	233.68	1	31928
1	703.76	232.17	1	31932
1	703.55	231.13	1	31936
1	703.11	230.51	1	31940
1	703.64	230.68	1	31944
1	703.74	230.24	1	31948
1	704.83	229.08	1	31952
1	704.76	230.02	1	31956
1	701.46	228.36	1	31960
1	695.39	227.41	1	31964
1	682.14	224.52	1	31968
1	668.68	219.35	1	31972
1	656.17	216.29	1	31976
1	647.8	211.48	1	31980
1	642.06	209.75	1	31984
1	639.77	207.72	1	31988
1	634.87	203.2	1	31992
1	634.98	202.26	1	31996
1	634.87	199.34	1	32000
1	631.85	198.17	1	32004
1	629.59	196.01	1	32008
1	628.47	193.7	1	32012
1	627.1	192.61	1	32016
1	626.96	190	1	32020
1	627.09	189.17	1	32024
1	627.4	188.77	1	32028
1	627.33	185.86	1	32032
1	628.27	183.9	1	32036
1	628.5	183.09	1	32040
1	628.51	181.88	1	32044
1	628.64	180.77	1	32048
1	629.56	179.98	1	32052
1	629.57	180.47	1	32056
1	629.78	179.22	1	32060
1	629.58	179.97	1	32064
1	629.91	179.56	1	32068
1	629.21	180.02	1	32072
1	629.35	180.42	1	32076
1	628.31	181.12	1	32080
1	628.17	182.04	1	32084
1	628.66	181.04	1	32088
1	627.62	180.56	1	32092
1	626.5	179.69	1	32096
1	626.19	180.28	1	32100
1	626.13	180.85	1	32104
1	626.1	178.83	1	32108
1	624.74	179.4	1	32112
1	624.31	178.54	1	32116
1	624.42	178.43	1	32120
1	624.55	178.95	1	32124
1	624.37	178.04	1	32128
1	623.89	179.55	1	32132
1	624.46	180.21	1	32136
1	623.06	180.4	1	32140
1	622.9	180.2	1	32144
1	623.18	180.13	1	32148
1	622.32	181.06	1	32152
1	624.52	180.85	1	32156
1	624.73	181.14	1	32160
1	625.66	180.05	1	32164
1	624.95	179.73	1	32168
1	625.03	178.29	1	32172
1	626.57	178.15	1	32176
1	625.75	176.93	1	32180
1	626.09	176.41	1	32184
1	626.36	176.53	1	32188
1	627.26	174.94	1	32192
1	628.9	173.43	1	32196
1	626.52	171.87	1	32200
1	626.78	170.24	1	32204
1	626.63	170.61	1	32208
1	627.37	169.32	1	32212
1	628.9	169.81	1	32216
1	633.41	167.24	1	32220
1	644.1	167.51	1	32224
1	651.59	167.86	1	32228
1	668	166.69	1	32232
1	665.87	168.88	1	32236
1	673.38	168.84	1	32240
1	678.37	170.71	1	32244
1	678.94	170.92	1	32248
1	681.57	171.71	1	32252
1	683.13	172.09	1	32256
1	685.19	173.77	1	32260
1	685.41	175.75	1	32264
1	688.31	175.89	1	32268
1	689.28	175.37	1	32272
1	688.71	175.34	1	32276
1	689.2	174.82	1	32280
1	688.73	175.13	1	32284
1	688.43	175.92	1	32288
1	689.92	176.42	1	32292
1	691.3	175.44	1	32296
1	691.08	176.22	1	32300
1	691.68	176.14	1	32304
1	693.7	174.76	1	32308
1	693.29	174.54	1	32312
1	692.39	176.35	1	32316
1	693.27	176.48	1	32320
1	694.17	176.98	1	32324
1	694.77	178.52	1	32328
1	695.69	177.63	1	32332
1	694.75	177.91	1	32336
1	693.09	178.49	1	32340
1	693.04	179.93	1	32344
1	692.35	179.43	1	32348
1	692.67	180	1	32352
1	691.94	179.51	1	32356
1	692.32	180.07	1	32360
1	692.28	179.24	1	32364
1	692.29	179.63	1	32368
1	692.03	178.94	1	32372
1	692.86	178.87	1	32376
1	692.27	179.38	1	32380
1	693.78	178.72	1	32384
1	694.21	177.92	1	32388
1	694.03	177.9	1	32392
1	694.6	177.67	1	32396
1	697.41	178.88	1	32400
1	697.54	180.36	1	32404
1	700.75	180.66	1	32408
1	699.37	180.23	1	32412
1	698.92	180.22	1	32416
1	698.6	182.12	1	32420
1	699.79	182.64	1	32424
1	703.12	184.51	1	32428
1	702.92	186.09	1	32432
1	703.71	188.35	1	32436
1	702.92	191.63	1	32440
1	702.74	193.05	1	32444
1	704.38	194.23	1	32448
1	703.13	196.9	1	32452
1	703.81	198.35	1	32456
1	705.85	200.61	1	32460
1	706.38	200.96	1	32464
1	708.02	201.57	1	32468
1	707.53	202.76	1	32472
1	706.66	203.49	1	32476
1	707.79	201.98	1	32480
1	707.25	201.73	1	32484
1	706.32	199.41	1	32488
1	706.89	198.48	1	32492
1	707.32	198.36	1	32496
1	707.2	196.58	1	32500
1	705.69	195.51	1	32504
1	705.86	194.28	1	32508
1	704.64	193.97	1	32512
1	704.31	194.06	1	32516
1	703.68	192.47	1	32520
1	703.54	193.16	1	32524
1	704.66	192.49	1	32528
1	703.44	197.77	1	32532
1	700	201.43	1	32536
1	706.16	210.02	1	32540
1	709.97	212.33	1	32544
1	714.19	218.96	1	32548
1	719.01	219.76	1	32552
1	723.07	221.98	1	32556
1	722.92	225.57	1	32560
1	724.88	226.91	1	32564
1	729.08	229.62	1	32568
1	732.03	231	1	32572
1	732.81	231.96	1	32576
1	733.66	232.5	1	32580
1	735.23	233.09	1	32584
1	737.21	233.08	1	32588
1	737.54	234.21	1	32592
1	737.19	234.64	1	32596
1	736.4	234.7	1	32600
1	736.21	235.21	1	32604
1	735.73	236.5	1	32608
1	736.66	237.55	1	32612
1	735.13	237.14	1	32616
1	735.95	236.39	1	32620
1	736.24	237.43	1	32624
1	736.34	236.75	1	32628
1	736.32	237.15	1	32632
1	736.59	236.53	1	32636
1	738.42	237.55	1	32640
1	738.76	236.87	1	32644
1	739.34	236.57	1	32648
1	741.23	235.89	1	32652
1	739.55	235.76	1	32656
1	740.92	236.52	1	32660
1	741.06	237.75	1	32664
1	741.04	238.04	1	32668
1	742.14	237.35	1	32672
1	741.83	237.33	1	32676
1	740.71	236.89	1	32680
1	739.19	236.15	1	32684
1	737.87	236.67	1	32688
1	737.86	236.52	1	32692
1	735.89	235.97	1	32696
1	736.74	234.59	1	32700
1	736.49	232.2	1	32704
1	736.54	232.42	1	32708
1	736.62	230.84	1	32712
1	736.62	231.58	1	32716
1	735.09	231.08	1	32720
1	735.44	232.62	1	32724
1	736.96	233.22	1	32728
1	737.24	233.45	1	32732
1	737.05	233.85	1	32736
1	738.61	233.25	1	32740
1	739.03	234.67	1	32744
1	739.37	234.93	1	32748
1	737.62	236.09	1	32752
1	736.4	238.42	1	32756
1	736.02	238.37	1	32760
1	736.89	236.21	1	32764
1	737.29	238.64	1	32768
1	735.59	238.88	1	32772
1	735.34	240.6	1	32776
1	736.19	240.68	1	32780
1	736.2	241.68	1	32784
1	735.24	242.09	1	32788
1	735.36	241.15	1	32792
1	736.74	241.35	1	32796
1	737.04	241.05	1	32800
1	736.64	239.43	1	32804
1	735.46	240.44	1	32808
1	734.88	241.22	1	32812
1	735.79	239.46	1	32816
1	735.51	237.92	1	32820
1	734.99	236.11	1	32824
1	734.52	236.06	1	32828
1	735.41	234.67	1	32832
1	735.93	234.45	1	32836
1	735.14	233.96	1	32840
1	735.76	234.25	1	32844
1	734.76	236.44	1	32848
1	735.56	237.05	1	32852
1	734.99	236.11	1	32856
1	726.98	236.46	1	32860
1	731.77	237.74	1	32864
1	732.02	238.19	1	32868
1	732.21	237.63	1	32872
1	731.16	238.29	1	32876
1	732.2	238.01	1	32880
1	733.84	237.94	1	32884
1	732.29	238.31	1	32888
1	735.69	237.47	1	32892
1	745.49	239.2	1	32896
1	767.07	239.02	1	32900
1	853.82	234.29	0	32904
1	0	0	0	32908
1	0	0	0	32912
1	0	0	0	32916
1	0	0	0	32920
1	0	0	0	32924
1	0	0	0	32928
1	0	0	0	32932
1	0	0	0	32936
1	0	0	0	32940
1	0	0	0	32944
1	0	0	0	32948
1	0	0	0	32952
1	0	0	0	32956
1	0	0	0	32960
1	0	0	0	32964
1	879.05	556.44	1	32968
1	0	0	0	32972
1	0	0	0	32976
1	0	0	0	32980
1	734.84	231.24	0	32984
1	733.62	235.4	0	32988
1	739.13	236.56	0	32992
1	756.47	240.74	1	32996
1	756.99	241.21	1	33000
1	758.41	243.09	1	33004
1	757.34	243.23	1	33008
1	758.73	242.29	1	33012
1	757.64	244.3	1	33016
1	752.65	246.22	1	33020
1	754.41	247.67	1	33024
1	751.76	251.49	1	33028
1	750.88	253.58	1	33032
1	749.52	257.48	1	33036
1	749.1	257.39	1	33040
1	748.94	259.62	1	33044
1	747.77	263.13	1	33048
1	749.09	264.36	1	33052
1	748	265.77	1	33056
1	747.1	267.72	1	33060
1	747.22	269.52	1	33064
1	747.66	270.16	1	33068
1	747.8	270.26	1	33072
1	747.97	271.43	1	33076
1	749.41	270.57	1	33080
1	750.43	271.34	1	33084
1	751.31	272.78	1	33088
1	752.94	272.24	1	33092
1	751.55	270.83	1	33096
1	752.25	271.7	1	33100
1	752.22	271.92	1	33104
1	753.03	269.85	1	33108
1	753.09	270.43	1	33112
1	754.31	269.38	1	33116
1	754.79	268.55	1	33120
1	754.35	267.73	1	33124
1	754.74	266.88	1	33128
1	755.71	265.98	1	33132
1	776.12	264.3	1	33136
1	797.65	264.12	1	33140
1	827.95	263.07	1	33144
1	836.9	262.23	1	33148
1	837.27	261.55	1	33152
1	841.48	260.77	1	33156
1	842.88	259.13	1	33160
1	844.77	259.28	1	33164
1	842.29	258.93	1	33168
1	842.76	259.08	1	33172
1	846.33	258.34	1	33176
1	848.46	258.45	1	33180
1	849.35	259.07	1	33184
1	849.14	260.14	1	33188
1	847.95	260.75	1	33192
1	847.88	261.45	1	33196
1	847.67	261.82	1	33200
1	848.45	263.2	1	33204
1	848.89	263	1	33208
1	850.12	263.02	1	33212
1	850.03	262.59	1	33216
1	848.45	260.1	1	33220
1	849.57	258.71	1	33224
1	849.17	257.13	1	33228
1	849.77	255.5	1	33232
1	849.37	254.25	1	33236
1	848.78	252.31	1	33240
1	849.57	251.1	1	33244
1	849.93	249.48	1	33248
1	849.54	248.63	1	33252
1	849.87	248.23	1	33256
1	850.1	247.13	1	33260
1	850.99	248.57	1	33264
1	850.58	248.42	1	33268
1	850.8	249.18	1	33272
1	851.56	249.81	1	33276
1	851.59	250.23	1	33280
1	852.83	251.38	1	33284
1	852.38	253.09	1	33288
1	853.57	254.85	1	33292
1	853.49	255.35	1	33296
1	853.53	255.49	1	33300
1	853.68	257.01	1	33304
1	852.69	258.39	1	33308
1	853.37	260.09	1	33312
1	852.28	262.08	1	33316
1	851.4	270.07	0	33320
1	849.59	272.01	0	33324
1	848.75	274.8	0	33328
1	849.75	276.89	0	33332
1	848.33	277.09	0	33336
1	847.73	278.69	0	33340
1	849.2	282.44	0	33344
1	849.54	283.41	0	33348
1	849.61	284.64	0	33352
1	849.84	286.23	0	33356
1	850.6	286.93	0	33360
1	854.22	271.18	1	33364
1	855.32	271.75	1	33368
1	853.96	270.59	1	33372
1	854.59	269.84	1	33376
1	856.12	270.94	1	33380
1	855.5	271.19	1	33384
1	854.46	270.93	1	33388
1	846.87	271.14	1	33392
1	833.97	270.35	1	33396
1	824.92	269.18	1	33400
1	817.1	266.33	1	33404
1	818.41	264.6	1	33408
1	810.9	265.14	1	33412
1	808.3	264.75	1	33416
1	813.39	263.8	1	33420
1	809.76	262.72	1	33424
1	806.38	260.49	1	33428
1	803.74	257.4	1	33432
1	803.56	256.28	1	33436
1	803.72	256.03	1	33440
1	803.98	254.48	1	33444
1	804.4	254.88	1	33448
1	804.86	255.26	1	33452
1	805.58	254.42	1	33456
1	806.1	253.9	1	33460
1	804.3	253.61	1	33464
1	803.51	254.45	1	33468
1	801.99	255.98	1	33472
1	803.88	256.54	1	33476
1	802.6	258.18	1	33480
1	802.15	256.6	1	33484
1	802.86	257.11	1	33488
1	802.99	255.62	1	33492
1	803.94	255.89	1	33496
1	802.29	255.49	1	33500
1	801.86	254.53	1	33504
1	801.9	255.34	1	33508
1	802.09	255.82	1	33512
1	801.6	256.36	1	33516
1	801.49	257.29	1	33520
1	801.04	256.64	1	33524
1	801.39	258.1	1	33528
1	800.82	258.55	1	33532
1	801	259.39	1	33536
1	800.69	259.41	1	33540
1	801.6	259.24	1	33544
1	801.8	259.83	1	33548
1	802.85	259.18	1	33552
1	804.21	259.27	1	33556
1	805.49	258.07	1	33560
1	805.85	256.9	1	33564
1	805.15	257.59	1	33568
1	805.04	257.14	1	33572
1	804.64	258.36	1	33576
1	804.76	257.75	1	33580
1	806.14	257.36	1	33584
1	804.81	258.79	1	33588
1	806.57	259.12	1	33592
1	805.94	258.77	1	33596
1	805.32	256.92	1	33600
1	805.04	255.61	1	33604
1	803.21	257.22	1	33608
1	803.11	257.35	1	33612
1	804.46	256.56	1	33616
1	805.16	257.38	1	33620
1	804.65	256.88	1	33624
1	804.4	256.82	1	33628
1	804.27	257.12	1	33632
1	802.68	256.06	1	33636
1	801.69	255.49	1	33640
1	801.22	255.21	1	33644
1	800.73	255.98	1	33648
1	801.13	254.43	1	33652
1	801.29	253.64	1	33656
1	799.7	251.93	1	33660
1	797.13	250.9	1	33664
1	793.88	247.87	1	33668
1	790.67	246.51	1	33672
1	793.78	244.1	1	33676
1	790.08	244.28	1	33680
1	789.08	244.33	1	33684
1	787.22	244.32	1	33688
1	785.52	244.85	1	33692
1	784.66	246.07	1	33696
1	784.92	247.15	1	33700
1	783.73	248.1	1	33704
1	785.61	250.6	1	33708
1	786.37	252.55	1	33712
1	787.35	255.22	1	33716
1	788.01	257.83	1	33720
1	788.93	259.61	1	33724
1	788.76	260.65	1	33728
1	789.82	262.26	1	33732
1	791.89	262.55	1	33736
1	791.6	263.83	1	33740
1	791.16	264.22	1	33744
1	791.45	264.68	1	33748
1	790.13	265.17	1	33752
1	789.92	263.6	1	33756
1	789.31	264.26	1	33760
1	792.07	264.27	1	33764
1	791.31	264.81	1	33768
1	791.89	265.87	1	33772
1	791.98	267.9	1	33776
1	790.32	267.69	1	33780
1	791.74	267.76	1	33784
1	791.74	268.67	1	33788
1	791.66	268.7	1	33792
1	792.06	269.12	1	33796
1	792.57	270.43	1	33800
1	793.71	270.5	1	33804
1	790.83	271.89	1	33808
1	790.87	271.46	1	33812
1	789.57	271.2	1	33816
1	788.11	270.47	1	33820
1	787.1	270.58	1	33824
1	789.24	270.34	1	33828
1	787.9	270.75	1	33832
1	789.09	270.23	1	33836
1	788.24	269.82	1	33840
1	788.29	270.98	1	33844
1	789.06	269.83	1	33848
1	790.29	268.96	1	33852
1	789.21	268.16	1	33856
1	790.16	268.69	1	33860
1	791.33	268.8	1	33864
1	791.09	267.49	1	33868
1	791.18	268.26	1	33872
1	789.71	268.23	1	33876
1	788.8	268.02	1	33880
1	790.52	268.67	1	33884
1	796.68	268	1	33888
1	809.59	268.37	1	33892
1	811.48	268.48	1	33896
1	811.35	268.26	1	33900
1	812.26	267.65	1	33904
1	814.06	267.63	1	33908
1	816.7	267.84	1	33912
1	820.98	266.28	1	33916
1	823.81	267.07	1	33920
1	825.44	266.75	1	33924
1	826.34	265.23	1	33928
1	827.61	264.63	1	33932
1	825.72	261.87	1	33936
1	823.82	260.63	1	33940
1	823.59	258.38	1	33944
1	823.11	257.68	1	33948
1	822.95	256.22	1	33952
1	822.45	255.03	1	33956
1	821.52	253.57	1	33960
1	820.75	252.01	1	33964
1	820.18	251.74	1	33968
1	821.64	250.81	1	33972
1	820.94	250.07	1	33976
1	820.54	250.5	1	33980
1	822.82	250.82	1	33984
1	822.43	252.1	1	33988
1	823.31	252.37	1	33992
1	823.32	253.44	1	33996
1	824.17	254.45	1	34000
1	824.73	255.77	1	34004
1	825.26	256.12	1	34008
1	825.42	256.75	1	34012
1	823.98	259.08	1	34016
1	824.98	260.05	1	34020
1	824.64	261.17	1	34024
1	824.62	260.88	1	34028
1	824.29	260.64	1	34032
1	823.7	261.76	1	34036
1	824.9	262.99	1	34040
1	825.27	263.89	1	34044
1	825.42	264.15	1	34048
1	824.78	264.39	1	34052
1	823.08	264.2	1	34056
1	825.1	263.77	1	34060
1	824.71	263.81	1	34064
1	825.99	264.56	1	34068
1	825.03	263.9	1	34072
1	825.17	264.98	1	34076
1	826.7	265.02	1	34080
1	826.28	264.89	1	34084
1	825.38	263.52	1	34088
1	825.69	263.94	1	34092
1	826.67	264.37	1	34096
1	828.06	265.72	1	34100
1	827.74	265.3	1	34104
1	828	265.06	1	34108
1	828.38	264.12	1	34112
1	828.53	264.19	1	34116
1	829.74	264.18	1	34120
1	828.7	264.34	1	34124
1	829.56	264.05	1	34128
1	829.21	263.95	1	34132
1	829.14	262.09	1	34136
1	828.56	261.4	1	34140
1	828.39	259.97	1	34144
1	829.1	259.21	1	34148
1	828.72	259.48	1	34152
1	828.33	260.46	1	34156
1	828.48	261.04	1	34160
1	827.91	261.33	1	34164
1	827.94	261.24	1	34168
1	828.48	262.18	1	34172
1	829.04	262.59	1	34176
1	828.72	264.08	1	34180
1	828.42	265.93	1	34184
1	827.76	266.95	1	34188
1	827.25	265.9	1	34192
1	827.37	267.66	1	34196
1	827.63	267.84	1	34200
1	827.14	267.09	1	34204
1	827.01	265.41	1	34208
1	827.44	266.29	1	34212
1	826.54	265.73	1	34216
1	826.81	265.59	1	34220
1	827	265.72	1	34224
1	827.56	265.7	1	34228
1	828.2	265.39	1	34232
1	828.57	266.05	1	34236
1	829.31	265.59	1	34240
1	828.51	263.76	1	34244
1	828.7	264.09	1	34248
1	828.93	263.06	1	34252
1	829.26	262.91	1	34256
1	829.97	261.83	1	34260
1	831.17	260.97	1	34264
1	829.31	261.95	1	34268
1	830.36	261.36	1	34272
1	829.76	259.4	1	34276
1	830.18	258.69	1	34280
1	829.47	258.43	1	34284
1	830.48	259.64	1	34288
1	830.32	258.87	1	34292
1	830.23	258.91	1	34296
1	829.76	258.43	1	34300
1	830.47	258.62	1	34304
1	830.26	259.46	1	34308
1	831.13	258.13	1	34312
1	830.97	258.76	1	34316
1	830.83	258.9	1	34320
1	829.94	259.78	1	34324
1	830.57	260.66	1	34328
1	830.25	261.17	1	34332
1	829.98	262.43	1	34336
1	830.45	264.85	1	34340
1	829.27	265.51	1	34344
1	830.47	265.64	1	34348
1	832.07	268.26	1	34352
1	834.38	269.64	1	34356
1	840.14	269.79	1	34360
1	847.44	271.08	1	34364
1	856.81	271.57	1	34368
1	862.19	272.49	1	34372
1	872.66	271.83	1	34376
1	870.21	273.01	1	34380
1	874.6	272.03	1	34384
1	875.34	272.2	1	34388
1	877.92	270.95	1	34392
1	879.9	270.1	1	34396
1	881.03	268.87	1	34400
1	883.36	268.34	1	34404
1	883.55	266.63	1	34408
1	883.46	265.34	1	34412
1	882.35	264.27	1	34416
1	882.32	263.36	1	34420
1	882.15	262.44	1	34424
1	882.28	262.6	1	34428
1	883.45	261.81	1	34432
1	882.59	262.13	1	34436
1	882.9	261.12	1	34440
1	884.1	261.16	1	34444
1	884.02	260.67	1	34448
1	883.6	260.02	1	34452
1	882.78	260.68	1	34456
1	885.24	260.4	1	34460
1	885.04	260.12	1	34464
1	884.46	260.13	1	34468
1	884.89	259.5	1	34472
1	883.66	258.92	1	34476
1	884.37	258.07	1	34480
1	884.6	258.58	1	34484
1	885.16	258.18	1	34488
1	885.21	258.84	1	34492
1	885.36	258.51	1	34496
1	885.34	259.21	1	34500
1	885.57	260.21	1	34504
1	886	261.08	1	34508
1	885.71	262.27	1	34512
1	885.65	262.55	1	34516
1	886.3	264.73	1	34520
1	885.77	262.42	1	34524
1	886.64	264.02	1	34528
1	885.88	263.94	1	34532
1	885.08	263.27	1	34536
1	882.63	264.91	1	34540
1	883.78	266.48	1	34544
1	882.87	267.32	1	34548
1	881.61	270.5	1	34552
1	883.53	273.8	1	34556
1	0	0	0	34560
1	0	0	0	34564
1	0	0	0	34568
1	0	0	0	34572
1	0	0	0	34576
1	0	0	0	34580
1	0	0	0	34584
1	0	0	0	34588
1	0	0	0	34592
1	0	0	0	34596
1	0	0	0	34600
1	0	0	0	34604
1	0	0	0	34608
1	0	0	0	34612
1	0	0	0	34616
1	0	0	0	34620
1	0	0	0	34624
1	0	0	0	34628
1	0	0	0	34632
1	0	0	0	34636
1	0	0	0	34640
1	0	0	0	34644
1	0	0	0	34648
1	0	0	0	34652
1	0	0	0	34656
1	0	0	0	34660
1	0	0	0	34664
1	0	0	0	34668
1	0	0	0	34672
1	0	0	0	34676
1	0	0	0	34680
1	0	0	0	34684
1	0	0	0	34688
1	0	0	0	34692
1	0	0	0	34696
1	0	0	0	34700
1	0	0	0	34704
1	0	0	0	34708
1	0	0	0	34712
1	0	0	0	34716
1	0	0	0	34720
1	0	0	0	34724
1	0	0	0	34728
1	0	0	0	34732
1	0	0	0	34736
1	0	0	0	34740
1	0	0	0	34744
1	0	0	0	34748
1	0	0	0	34752
1	0	0	0	34756
1	0	0	0	34760
1	881.42	246.38	1	34764
1	0	0	0	34768
1	875	237.62	1	34772
1	880.02	257.88	1	34776
1	880.54	242.04	1	34780
1	880.6	233.53	1	34784
1	878.44	238.25	1	34788
1	876.06	251.16	1	34792
1	875.56	249.1	1	34796
1	877.02	241.9	1	34800
1	873.68	243.38	1	34804
1	872.7	241.42	1	34808
1	871.56	241.69	1	34812
1	872.08	242.82	1	34816
1	870.51	242.38	1	34820
1	869.83	243.42	1	34824
1	869.81	245.41	1	34828
1	869.57	246.28	1	34832
1	869.49	247.41	1	34836
1	869.08	247.01	1	34840
1	868.81	246.18	1	34844
1	869.13	246.58	1	34848
1	869.19	247.03	1	34852
1	868.66	247	1	34856
1	868.42	247.29	1	34860
1	868.85	247.12	1	34864
1	869.97	247.47	1	34868
1	870.21	248.68	1	34872
1	870.14	249.18	1	34876
1	870.83	249.26	1	34880
1	872.44	249.37	1	34884
1	872.61	251.58	1	34888
1	873.64	251.28	1	34892
1	878.51	251.73	1	34896
1	891.91	253.23	1	34900
1	906.38	254.78	1	34904
1	918.44	255.06	1	34908
1	918.87	255.1	1	34912
1	918.79	255.87	1	34916
1	919.48	256.11	1	34920
1	922.54	255.2	1	34924
1	925.05	255.08	1	34928
1	927	254.45	1	34932
1	928.92	254.9	1	34936
1	930.71	254.33	1	34940
1	930.58	253.57	1	34944
1	930.27	252.47	1	34948
1	929.56	251.4	1	34952
1	929.53	252.15	1	34956
1	929.36	250.81	1	34960
1	929.17	250.15	1	34964
1	929.25	250.2	1	34968
1	929.11	249.52	1	34972
1	928.65	249.05	1	34976
1	928.77	249.28	1	34980
1	929.54	248.86	1	34984
1	930.1	249.56	1	34988
1	929.22	250.97	1	34992
1	929.49	252.78	1	34996
1	929.92	253.67	1	35000
1	931.58	254.15	1	35004
1	932	254.17	1	35008
1	933.06	254.14	1	35012
1	934	255.82	1	35016
1	934.45	254.59	1	35020
1	934.83	254.25	1	35024
1	934.56	253.64	1	35028
1	934.56	252.92	1	35032
1	935.91	252.96	1	35036
1	935.92	250.23	1	35040
1	935.95	250.27	1	35044
1	935.31	249.1	1	35048
1	935.19	247.77	1	35052
1	935.93	248.13	1	35056
1	934.86	248.24	1	35060
1	935.35	248.06	1	35064
1	935.84	247.75	1	35068
1	935.9	247.7	1	35072
1	936.94	249.28	1	35076
1	936.69	249.83	1	35080
1	936.86	250.81	1	35084
1	936.82	251.26	1	35088
1	936.84	252.45	1	35092
1	936.86	253.45	1	35096
1	934.91	254.42	1	35100
1	936.22	253.76	1	35104
1	935.02	254.23	1	35108
1	935.36	255.03	1	35112
1	934.15	254.97	1	35116
1	933.78	255.24	1	35120
1	933.91	255.54	1	35124
1	933.91	254.51	1	35128
1	933.1	254.32	1	35132
1	932.5	254.26	1	35136
1	933.92	254.04	1	35140
1	934.25	253	1	35144
1	933.28	253.18	1	35148
1	932.9	253.31	1	35152
1	932.72	253.2	1	35156
1	932.97	253.74	1	35160
1	932.83	253.8	1	35164
1	932.32	253.48	1	35168
1	932.61	254.11	1	35172
1	933.53	253.8	1	35176
1	934.44	253.62	1	35180
1	933.83	253.4	1	35184
1	932.94	253.4	1	35188
1	933.86	253.62	1	35192
1	934.29	253.54	1	35196
1	935.63	252.6	1	35200
1	934.57	252.38	1	35204
1	935.32	251.82	1	35208
1	935.47	251.6	1	35212
1	936.25	252	1	35216
1	933.74	253.61	1	35220
1	918.93	258.01	1	35224
1	851.9	266.33	1	35228
1	822.28	281.32	1	35232
1	806.46	285.74	1	35236
1	800.15	288.61	1	35240
1	793.31	292.76	1	35244
1	784.71	299.57	1	35248
1	785.31	298.77	1	35252
1	785.49	303.03	1	35256
1	786.57	302.66	1	35260
1	787.13	304.09	1	35264
1	784.78	307.18	1	35268
1	783.59	308.71	1	35272
1	781.95	307.99	1	35276
1	780.94	307.4	1	35280
1	780.87	307.45	1	35284
1	780.52	306.79	1	35288
1	781.1	306.02	1	35292
1	781.72	305.9	1	35296
1	781.01	304.27	1	35300
1	780.05	304.24	1	35304
1	778.72	304.32	1	35308
1	778.95	302.69	1	35312
1	778.58	301.72	1	35316
1	777.31	302.14	1	35320
1	776.99	302.34	1	35324
1	776.04	301.37	1	35328
1	775.77	301.7	1	35332
1	775.51	300.8	1	35336
1	775.23	300.68	1	35340
1	774.8	300.68	1	35344
1	774.23	301.08	1	35348
1	774.68	301.9	1	35352
1	773.99	302.1	1	35356
1	773.23	301.75	1	35360
1	773.95	302.91	1	35364
1	774.23	302.36	1	35368
1	773.58	303.63	1	35372
1	774.9	303.67	1	35376
1	774.63	303.69	1	35380
1	775.16	304.38	1	35384
1	775.15	304.45	1	35388
1	773.49	303.01	1	35392
1	760.4	302.78	1	35396
1	743.71	300.61	1	35400
1	737.27	299.24	1	35404
1	731.41	298.76	1	35408
1	727.63	297.33	1	35412
1	722.4	295.87	1	35416
1	721.52	295.8	1	35420
1	719.87	294.87	1	35424
1	719.58	292.06	1	35428
1	717.84	291.72	1	35432
1	717.18	290.72	1	35436
1	717.31	288.84	1	35440
1	717.45	290.03	1	35444
1	718.15	289.78	1	35448
1	718.73	289.61	1	35452
1	719.59	289.31	1	35456
1	719.03	289.01	1	35460
1	720.75	288.59	1	35464
1	720.09	288.14	1	35468
1	719.74	288.81	1	35472
1	719.94	289.46	1	35476
1	719.2	288.93	1	35480
1	717.68	289.9	1	35484
1	718.61	289.56	1	35488
1	718.84	289.67	1	35492
1	718.11	288.76	1	35496
1	717.74	288.48	1	35500
1	718.44	288.16	1	35504
1	716.43	288.14	1	35508
1	716.98	288.42	1	35512
1	716.12	287.9	1	35516
1	714.6	288.08	1	35520
1	715.2	288.09	1	35524
1	716.62	287.75	1	35528
1	714.9	287.8	1	35532
1	713.65	287.17	1	35536
1	714.36	287.92	1	35540
1	713.81	288.49	1	35544
1	713.6	289.95	1	35548
1	714.7	291.26	1	35552
1	714.78	290.92	1	35556
1	715.15	291.56	1	35560
1	714.3	291.45	1	35564
1	714.35	291.91	1	35568
1	712.9	292.49	1	35572
1	711.44	291.25	1	35576
1	704.03	290.74	1	35580
1	689.65	290.54	1	35584
1	690.59	289.26	1	35588
1	684.47	287.84	1	35592
1	677.35	286.48	1	35596
1	676.46	285.47	1	35600
1	672.78	284.49	1	35604
1	672.7	283.2	1	35608
1	670.01	281.58	1	35612
1	667.58	280.07	1	35616
1	665.31	279.95	1	35620
1	665.75	279.3	1	35624
1	665.69	278.02	1	35628
1	664.02	277.92	1	35632
1	663.32	277.38	1	35636
1	665.02	276.45	1	35640
1	664.69	274.87	1	35644
1	663.33	274.09	1	35648
1	664.11	272.76	1	35652
1	667.11	271.74	1	35656
1	663.85	271.65	1	35660
1	665.22	269.96	1	35664
1	664.51	268.62	1	35668
1	666.68	268.03	1	35672
1	666.36	267.77	1	35676
1	666.54	266.8	1	35680
1	666.01	266.51	1	35684
1	664.76	266.76	1	35688
1	665.84	267.2	1	35692
1	665.92	266.86	1	35696
1	666.22	267.79	1	35700
1	666.45	268.2	1	35704
1	666.84	269.32	1	35708
1	667.15	270.98	1	35712
1	665.33	271.41	1	35716
1	664.89	273.31	1	35720
1	664.31	275.08	1	35724
1	664.12	276.28	1	35728
1	665.79	275.8	1	35732
1	666.39	276.75	1	35736
1	666.06	276.91	1	35740
1	666.18	278.06	1	35744
1	665.91	278.15	1	35748
1	665.28	277.84	1	35752
1	666.3	276.97	1	35756
1	667.03	277.87	1	35760
1	668.9	277.13	1	35764
1	678.55	277.4	1	35768
1	721.21	274.94	1	35772
1	775.08	276.46	1	35776
1	809.15	276.7	1	35780
1	833.01	276.8	1	35784
1	839.11	277.68	1	35788
1	850.16	276.44	1	35792
1	859.61	277.99	1	35796
1	863.88	278.55	1	35800
1	861.11	279.36	1	35804
1	859.7	278.45	1	35808
1	861.34	279.22	1	35812
1	862.99	281.18	1	35816
1	864.21	282.47	1	35820
1	865.81	283.66	1	35824
1	866.93	284.72	1	35828
1	869.45	285.94	1	35832
1	869.61	287.82	1	35836
1	868.42	289.74	1	35840
1	868.28	290.85	1	35844
1	868.85	290.99	1	35848
1	869.85	294.04	1	35852
1	870.32	293.96	1	35856
1	870.35	294.35	1	35860
1	870.68	293.65	1	35864
1	870.65	293.95	1	35868
1	871.49	292.39	1	35872
1	871.83	293.44	1	35876
1	871.83	294.31	1	35880
1	870.05	294.04	1	35884
1	870.79	293.48	1	35888
1	868.44	293.95	1	35892
1	868.85	292.5	1	35896
1	868.63	292.85	1	35900
1	869.13	292.26	1	35904
1	869.98	291.71	1	35908
1	870.75	292.28	1	35912
1	870.78	292.72	1	35916
1	870.41	292.12	1	35920
1	868.81	290.87	1	35924
1	871.38	289.98	1	35928
1	869.33	289.78	1	35932
1	870.62	289.49	1	35936
1	869.67	289.84	1	35940
1	869.23	289.46	1	35944
1	869.16	290.14	1	35948
1	869.12	291.07	1	35952
1	868.21	292.06	1	35956
1	867.91	290.7	1	35960
1	868.62	293.57	1	35964
1	869.99	293.09	1	35968
1	868.7	294.99	1	35972
1	870	294.14	1	35976
1	870.08	293.7	1	35980
1	870.98	293.41	1	35984
1	871.72	292.75	1	35988
1	873.19	291.43	1	35992
1	872.41	292.01	1	35996
1	872.91	289.92	1	36000
1	873.91	292.21	1	36004
1	872.86	290.01	1	36008
1	872.51	291.59	1	36012
1	871.83	289.59	1	36016
1	871.76	290.16	1	36020
1	871.14	291.42	1	36024
1	871.11	291.66	1	36028
1	870.52	290.9	1	36032
1	870.29	291.59	1	36036
1	871.16	292.93	1	36040
1	872.32	292.3	1	36044
1	871.37	293.36	1	36048
1	872	294.04	1	36052
1	872.01	291.61	1	36056
1	872.16	291.89	1	36060
1	872.96	290.81	1	36064
1	874.35	289.2	1	36068
1	874.7	290.81	1	36072
1	875.15	291.5	1	36076
1	873.39	291.61	1	36080
1	873.87	291.15	1	36084
1	872.47	293.34	1	36088
1	872.85	294.87	1	36092
1	873.9	294.47	1	36096
1	875.51	294.9	1	36100
1	876.13	296.15	1	36104
1	874.91	297.42	1	36108
1	874.96	298.82	1	36112
1	873.25	299.59	1	36116
1	871.96	299.63	1	36120
1	870.44	299.44	1	36124
1	864.84	299.66	1	36128
1	863.1	299.5	1	36132
1	861.48	299.24	1	36136
1	861.71	297.77	1	36140
1	857.08	297.98	1	36144
1	855.61	297.83	1	36148
1	855.38	297.6	1	36152
1	852.27	297.69	1	36156
1	851.8	295.86	1	36160
1	851.62	293.75	1	36164
1	850.54	293.41	1	36168
1	852.67	292.21	1	36172
1	852.96	290.99	1	36176
1	851.89	290.59	1	36180
1	851.31	290.4	1	36184
1	851.25	289.93	1	36188
1	851.85	290.15	1	36192
1	851.81	290.6	1	36196
1	850.93	291.09	1	36200
1	852.06	291.85	1	36204
1	851.63	292.4	1	36208
1	851.21	293.13	1	36212
1	850.58	294.32	1	36216
1	850.37	294.29	1	36220
1	851.08	294.08	1	36224
1	851.49	294.35	1	36228
1	851.04	294.48	1	36232
1	850.43	295.91	1	36236
1	850.43	296.5	1	36240
1	850.45	295.95	1	36244
1	850.12	296.71	1	36248
1	851.65	299.76	1	36252
1	852.28	299.38	1	36256
1	852.24	297.78	1	36260
1	851.78	300.87	1	36264
1	851.69	300.61	1	36268
1	851.63	301.73	1	36272
1	852.36	301.99	1	36276
1	852.35	301.68	1	36280
1	852.87	300.16	1	36284
1	853.72	301.94	1	36288
1	852.94	301.36	1	36292
1	852.95	299.02	1	36296
1	852.64	298.69	1	36300
1	853.47	299.35	1	36304
1	853.25	299.9	1	36308
1	853.68	298.9	1	36312
1	854.23	299.04	1	36316
1	853.84	298.06	1	36320
1	854.22	296.54	1	36324
1	851.43	295.95	1	36328
1	853.54	294.94	1	36332
1	853.7	294.36	1	36336
1	853.62	294.79	1	36340
1	852.71	293.9	1	36344
1	850.09	292.79	1	36348
1	850.17	291.61	1	36352
1	849.23	291.2	1	36356
1	848.7	290.02	1	36360
1	848.58	290.81	1	36364
1	848.98	291.19	1	36368
1	849.16	291.11	1	36372
1	849.03	291.49	1	36376
1	848.21	291.18	1	36380
1	848.6	290.34	1	36384
1	849.06	289.83	1	36388
1	850.5	289.18	1	36392
1	852.61	288.86	1	36396
1	852.3	287.51	1	36400
1	853.17	286.95	1	36404
1	853.99	286.45	1	36408
1	854.2	285.67	1	36412
1	853.29	284.38	1	36416
1	853.04	284.16	1	36420
1	855.03	283.37	1	36424
1	853.12	283.16	1	36428
1	852.65	283.75	1	36432
1	853.22	286.34	1	36436
1	851.89	286.39	1	36440
1	851.93	288.85	1	36444
1	851.95	289.64	1	36448
1	853.4	287.2	1	36452
1	859.07	288.94	1	36456
1	864.96	288.79	1	36460
1	882.88	289.19	1	36464
1	878.25	290.5	1	36468
1	878.14	292.81	1	36472
1	879.19	293.6	1	36476
1	882.34	293.03	1	36480
1	884.77	293.57	1	36484
1	884.43	297	1	36488
1	888.3	297.02	1	36492
1	888.95	299.9	1	36496
1	888.55	298.72	1	36500
1	889.19	301.25	1	36504
1	887.35	302.61	1	36508
1	889.19	302.51	1	36512
1	888.08	302.73	1	36516
1	889.21	302.26	1	36520
1	891.07	303.52	1	36524
1	889.56	302.76	1	36528
1	891.27	301.08	1	36532
1	891.65	301.39	1	36536
1	890.96	299.23	1	36540
1	891.49	300.03	1	36544
1	891.86	299.83	1	36548
1	893.08	300.71	1	36552
1	892.57	299.83	1	36556
1	893.63	298.86	1	36560
1	891.89	297.62	1	36564
1	890.82	298.17	1	36568
1	890.82	297.13	1	36572
1	892.08	297.51	1	36576
1	891.9	296.95	1	36580
1	892.32	296.16	1	36584
1	892.62	294.69	1	36588
1	893.75	292.98	1	36592
1	892.15	292.27	1	36596
1	891.05	290.9	1	36600
1	889.97	290.87	1	36604
1	890.3	291.28	1	36608
1	890.31	291.31	1	36612
1	889.96	293.24	1	36616
1	889.98	294.11	1	36620
1	888.43	294.29	1	36624
1	888.55	295.14	1	36628
1	888.58	296.65	1	36632
1	888.45	297	1	36636
1	889.77	297.84	1	36640
1	891.21	298.99	1	36644
1	891.68	299.28	1	36648
1	892.78	299.85	1	36652
1	893.04	300.48	1	36656
1	892.5	302.86	1	36660
1	892.49	302.66	1	36664
1	892.46	302.97	1	36668
1	892.52	301.59	1	36672
1	893.86	297.96	1	36676
1	895.16	299.41	1	36680
1	891.16	296.73	1	36684
1	883.56	299.41	1	36688
1	879.62	302.6	1	36692
1	0	0	0	36696
1	0	0	0	36700
1	876.12	299.87	1	36704
1	0	0	0	36708
1	863.76	290.24	1	36712
1	859.57	258.97	1	36716
1	866.48	268.92	1	36720
1	859.42	267.05	1	36724
1	858.15	274.04	1	36728
1	851.93	271.22	1	36732
1	849.12	279.41	1	36736
1	843.01	274.24	1	36740
1	840.61	272.98	1	36744
1	838.98	273.01	1	36748
1	837	273.54	1	36752
1	836.51	273.52	1	36756
1	836.06	277.86	1	36760
1	834.52	277.71	1	36764
1	834.55	280.73	1	36768
1	834.35	283.62	1	36772
1	832.97	285.78	1	36776
1	832.26	286.68	1	36780
1	832.04	287.76	1	36784
1	831.69	287.8	1	36788
1	831.56	288.6	1	36792
1	832	288.33	1	36796
1	832.27	288.09	1	36800
1	832.28	287.29	1	36804
1	832.55	287.78	1	36808
1	832	286.95	1	36812
1	830.68	286.64	1	36816
1	830.71	286.25	1	36820
1	830.53	284.46	1	36824
1	830.52	285.56	1	36828
1	830.58	286.35	1	36832
1	830.25	285.7	1	36836
1	828.96	284.9	1	36840
1	837.23	287.61	1	36844
1	0	0	0	36848
1	0	0	0	36852
1	0	0	0	36856
1	0	0	0	36860
1	0	0	0	36864
1	0	0	0	36868
1	0	0	0	36872
1	0	0	0	36876
1	0	0	0	36880
1	0	0	0	36884
1	0	0	0	36888
1	0	0	0	36892
1	0	0	0	36896
1	0	0	0	36900
1	0	0	0	36904
1	0	0	0	36908
1	0	0	0	36912
1	0	0	0	36916
1	0	0	0	36920
1	0	0	0	36924
1	0	0	0	36928
1	0	0	0	36932
1	0	0	0	36936
1	0	0	0	36940
1	0	0	0	36944
1	0	0	0	36948
1	0	0	0	36952
1	0	0	0	36956
1	0	0	0	36960
1	0	0	0	36964
1	0	0	0	36968
1	0	0	0	36972
1	0	0	0	36976
1	0	0	0	36980
1	0	0	0	36984
1	0	0	0	36988
1	0	0	0	36992
1	0	0	0	36996
1	0	0	0	37000
1	0	0	0	37004
1	0	0	0	37008
1	0	0	0	37012
1	0	0	0	37016
1	0	0	0	37020
1	0	0	0	37024
1	0	0	0	37028
1	0	0	0	37032
1	0	0	0	37036
1	0	0	0	37040
1	958.56	272.32	0	37044
1	942.96	271.75	0	37048
1	944.8	272.4	0	37052
1	940.84	281.67	1	37056
1	936.56	279.03	1	37060
1	936.53	277.78	1	37064
1	933.13	272.88	1	37068
1	935.96	275.82	1	37072
1	936.34	280.79	1	37076
1	936.71	283.28	1	37080
1	936.37	282.72	1	37084
1	936.7	284.01	1	37088
1	937.38	286.66	1	37092
1	936.64	287.23	1	37096
1	937.38	287.17	1	37100
1	938.54	289.65	1	37104
1	938.99	290.93	1	37108
1	940.15	291.44	1	37112
1	940.62	291.98	1	37116
1	940.44	291.03	1	37120
1	940.22	289.94	1	37124
1	940.34	289.43	1	37128
1	940.17	288.77	1	37132
1	940.07	287.81	1	37136
1	940.87	285.64	1	37140
1	943.44	286.34	1	37144
1	941.34	286.87	1	37148
1	941.85	287.96	1	37152
1	940.9	287.86	1	37156
1	940.7	287.02	1	37160
1	941.64	288.65	1	37164
1	941.49	289.81	1	37168
1	941.74	290.01	1	37172
1	942.02	291.16	1	37176
1	942.21	290.4	1	37180
1	941.96	291.64	1	37184
1	940.16	291.8	1	37188
1	940.39	291.06	1	37192
1	939.93	290.52	1	37196
1	939.37	290.7	1	37200
1	940.4	291.52	1	37204
1	940.34	291.44	1	37208
1	940.75	291.4	1	37212
1	940.22	292.3	1	37216
1	939.19	292.19	1	37220
1	937.56	292.74	1	37224
1	937.11	293.48	1	37228
1	938.22	293.34	1	37232
1	937.54	294.15	1	37236
1	939.12	294.75	1	37240
1	939.4	295.77	1	37244
1	939.09	294.45	1	37248
1	938.84	295.5	1	37252
1	938.61	295.31	1	37256
1	939.81	295.67	1	37260
1	940.89	296.24	1	37264
1	941.05	295.89	1	37268
1	942.26	296.14	1	37272
1	943.05	296.28	1	37276
1	941.96	295.26	1	37280
1	940.99	295.42	1	37284
1	940.87	293.39	1	37288
1	941.14	293.95	1	37292
1	941.32	293.26	1	37296
1	940.39	292.84	1	37300
1	939.15	291.64	1	37304
1	939.63	290.75	1	37308
1	939.26	291.05	1	37312
1	938.49	289.54	1	37316
1	937.33	289.17	1	37320
1	937.88	290.04	1	37324
1	937.99	289.03	1	37328
1	936.97	289.22	1	37332
1	936.2	288.73	1	37336
1	935.85	289.03	1	37340
1	936.3	289.48	1	37344
1	936.42	288.63	1	37348
1	935.9	288.78	1	37352
1	935.62	289.22	1	37356
1	936.09	289.6	1	37360
1	934.5	290.22	1	37364
1	935.03	290.55	1	37368
1	935.45	291.54	1	37372
1	936.26	291.5	1	37376
1	936.51	291.66	1	37380
1	936.99	291.94	1	37384
1	937.43	292.21	1	37388
1	937.74	292.98	1	37392
1	937.74	294.25	1	37396
1	938.72	294.78	1	37400
1	939.27	294.77	1	37404
1	940.77	295.55	1	37408
1	939.99	295.01	1	37412
1	938.65	294.93	1	37416
1	939.14	295.26	1	37420
1	939.84	295.76	1	37424
1	939.35	296.16	1	37428
1	938.95	296.18	1	37432
1	937.66	296.39	1	37436
1	936.96	296.66	1	37440
1	937.77	296.04	1	37444
1	935.79	296.37	1	37448
1	935.53	295.98	1	37452
1	934.87	295.92	1	37456
1	935.53	295.78	1	37460
1	935.72	295.42	1	37464
1	933.36	295.84	1	37468
1	933.17	295.79	1	37472
1	932.75	297.34	1	37476
1	932.58	296.74	1	37480
1	932.11	295.88	1	37484
1	931.56	297.02	1	37488
1	931.97	298.35	1	37492
1	930.61	298.61	1	37496
1	931.71	300.59	1	37500
1	930.58	301.42	1	37504
1	928.99	301.36	1	37508
1	928.8	302.49	1	37512
1	929.7	302.92	1	37516
1	929.56	303.09	1	37520
1	930.43	305.14	1	37524
1	930.38	306.2	1	37528
1	930	306.59	1	37532
1	929.89	306.6	1	37536
1	930.25	305.96	1	37540
1	932.01	305.79	1	37544
1	931.93	305.2	1	37548
1	934.62	304.56	1	37552
1	942.08	304.87	1	37556
1	952.57	305.76	1	37560
1	955.27	305.66	1	37564
1	959.83	304.95	1	37568
1	961.49	304.03	1	37572
1	964.34	303.5	1	37576
1	966.14	302.14	1	37580
1	968.53	302.02	1	37584
1	970.24	300.58	1	37588
1	970.47	300	1	37592
1	973.2	300.21	1	37596
1	972.08	299.81	1	37600
1	970.79	298.76	1	37604
1	970.8	298.31	1	37608
1	970.81	296.93	1	37612
1	970.93	296.59	1	37616
1	971.05	295.81	1	37620
1	970.01	296.21	1	37624
1	970.25	296.41	1	37628
1	970.41	297.17	1	37632
1	970.5	297.44	1	37636
1	970.1	296.72	1	37640
1	969.87	296.99	1	37644
1	969.43	296.35	1	37648
1	969.34	297.07	1	37652
1	970.38	298.56	1	37656
1	969.38	299.38	1	37660
1	969.66	300.59	1	37664
1	970.14	299.97	1	37668
1	970.17	300.69	1	37672
1	969.21	301.6	1	37676
1	969.16	301.93	1	37680
1	969.18	302.99	1	37684
1	970.08	302.25	1	37688
1	972.02	302.06	1	37692
1	972.88	302.93	1	37696
1	971.98	301.03	1	37700
1	972.77	300.21	1	37704
1	974.13	298.61	1	37708
1	974.18	298.16	1	37712
1	975.12	296.22	1	37716
1	975.24	293.74	1	37720
1	976.43	293.69	1	37724
1	975.62	292.35	1	37728
1	975.54	292.74	1	37732
1	975.32	292.6	1	37736
1	974.19	292.46	1	37740
1	974.37	292.99	1	37744
1	974	293.58	1	37748
1	973.41	294.44	1	37752
1	972.41	296.71	1	37756
1	972.25	297.82	1	37760
1	972.59	298.84	1	37764
1	972.24	299.81	1	37768
1	972	301.89	1	37772
1	973.04	302.51	1	37776
1	973.19	302.85	1	37780
1	972.03	303.9	1	37784
1	971.69	304.2	1	37788
1	973.68	304.44	1	37792
1	973.59	306.36	1	37796
1	974.7	304.57	1	37800
1	974.68	305.21	1	37804
1	976.31	305.64	1	37808
1	975.42	304.93	1	37812
1	976.43	305.38	1	37816
1	975.5	303.49	1	37820
1	975.44	303.93	1	37824
1	977.11	303.04	1	37828
1	977.72	302.08	1	37832
1	976.99	303.67	1	37836
1	976.15	302.22	1	37840
1	976.3	302.32	1	37844
1	975.82	301.25	1	37848
1	975.33	300.81	1	37852
1	976.6	301.52	1	37856
1	975.19	300.94	1	37860
1	976.08	299.51	1	37864
1	975.2	301.52	1	37868
1	974.9	300.66	1	37872
1	975.25	302.2	1	37876
1	974.27	299.06	1	37880
1	975.11	299.29	1	37884
1	974.19	299.11	1	37888
1	974.82	300.03	1	37892
1	975.72	298.83	1	37896
1	979.06	297.29	1	37900
1	993.29	297.89	1	37904
1	1012.34	299.34	1	37908
1	1022.95	298.43	1	37912
1	1029.33	298.61	1	37916
1	1035.02	297.35	1	37920
1	1032.42	296.9	1	37924
1	1033.47	295.83	1	37928
1	1034.6	296.32	1	37932
1	1037.47	295.74	1	37936
1	1038.85	296.52	1	37940
1	1040.67	296.94	1	37944
1	1041.73	296.56	1	37948
1	1041.24	296.57	1	37952
1	1040.31	295.79	1	37956
1	1039.8	294.61	1	37960
1	1038.68	295.06	1	37964
1	1040.21	295.45	1	37968
1	1040.62	296.73	1	37972
1	1039.86	296.65	1	37976
1	1039.93	297.19	1	37980
1	1039.8	296.63	1	37984
1	1040.37	297.25	1	37988
1	1040.53	297.09	1	37992
1	1039.76	297.84	1	37996
1	1041.58	297.26	1	38000
1	1041.71	296.94	1	38004
1	1042.53	296.75	1	38008
1	1041.83	298.35	1	38012
1	1041.45	297.75	1	38016
1	1042.32	297.89	1	38020
1	1042.98	296.17	1	38024
1	1044.25	295.98	1	38028
1	1043.06	295.97	1	38032
1	1042.99	296.45	1	38036
1	1043.46	295.33	1	38040
1	1042.23	296.34	1	38044
1	1042.96	296.36	1	38048
1	1043.69	296.94	1	38052
1	1044.05	295.38	1	38056
1	1043.89	294.86	1	38060
1	1044.39	295.26	1	38064
1	1044.54	295.04	1	38068
1	1043.93	295.18	1	38072
1	1044.78	295.1	1	38076
1	1044.6	295.29	1	38080
1	1045.7	295.88	1	38084
1	1046.35	294.64	1	38088
1	1045.81	294.64	1	38092
1	1044.67	294.42	1	38096
1	1043.95	294.32	1	38100
1	1044.53	294.4	1	38104
1	1045.44	293.64	1	38108
1	1044.24	293.11	1	38112
1	1043.75	294.26	1	38116
1	1043.17	295.21	1	38120
1	1043.09	295.86	1	38124
1	1043.39	294.75	1	38128
1	1042.14	294.9	1	38132
1	1042.16	294.13	1	38136
1	1044.53	294.25	1	38140
1	1045.38	294.12	1	38144
1	1044.49	294.13	1	38148
1	1044.69	295	1	38152
1	1043.65	295.21	1	38156
1	1043.87	294.62	1	38160
1	1044.08	293.76	1	38164
1	1043.43	293.15	1	38168
1	1042.18	293.31	1	38172
1	1042.36	293.67	1	38176
1	1043.48	293.81	1	38180
1	1042.21	293.35	1	38184
1	1042.08	292.92	1	38188
1	1042.16	293.82	1	38192
1	1042.3	292.52	1	38196
1	1043.05	293.24	1	38200
1	1043.69	292.77	1	38204
1	1042.61	294	1	38208
1	1043	294.02	1	38212
1	1043.63	293.93	1	38216
1	1045.6	293.89	1	38220
1	1043.75	295.51	1	38224
1	1044.39	295.93	1	38228
1	1044.54	294.64	1	38232
1	1044.13	295.88	1	38236
1	1043.71	297.12	1	38240
1	1044.18	296.55	1	38244
1	1041.64	296.76	1	38248
1	1042.84	296.66	1	38252
1	1042.27	296.13	1	38256
1	1041.86	295.99	1	38260
1	1041.55	296.39	1	38264
1	1040.78	296.37	1	38268
1	1040.47	297.22	1	38272
1	1039.71	297.86	1	38276
1	1039.13	297.34	1	38280
1	1039.7	297.1	1	38284
1	1039.27	297.31	1	38288
1	1040.24	298.2	1	38292
1	1040.82	297.86	1	38296
1	1041.98	298.96	1	38300
1	1042.78	298.64	1	38304
1	1041.89	298.31	1	38308
1	1043.75	299.07	1	38312
1	1045.52	297.47	1	38316
1	1044.77	297.18	1	38320
1	1045.35	298.04	1	38324
1	1045.13	298.25	1	38328
1	1046.04	298.16	1	38332
1	1047.18	298.11	1	38336
1	1046.86	299.12	1	38340
1	1046.76	298.25	1	38344
1	1047.86	298.4	1	38348
1	1047.28	297.94	1	38352
1	1047.18	296.93	1	38356
1	1046.62	297.84	1	38360
1	1047.37	297.55	1	38364
1	1047.37	296.63	1	38368
1	1048.09	296.12	1	38372
1	1046.76	294.55	1	38376
1	1045.86	294.8	1	38380
1	1046.83	294.05	1	38384
1	1045.99	292.86	1	38388
1	1044.29	290.69	1	38392
1	1045.33	291.2	1	38396
1	1045.94	291.1	1	38400
1	1046.24	289.98	1	38404
1	1045.45	290.02	1	38408
1	1045.47	290.63	1	38412
1	1044.65	290.24	1	38416
1	1045.46	291.41	1	38420
1	1045.88	291.56	1	38424
1	1046.19	290.54	1	38428
1	1045.46	291.6	1	38432
1	1045.75	292.24	1	38436
1	1045.64	291.91	1	38440
1	1045	291.01	1	38444
1	1043.84	290.91	1	38448
1	1043.49	290.39	1	38452
1	1043.4	289.02	1	38456
1	1042.6	289.16	1	38460
1	1041.89	288.39	1	38464
1	1041.64	288.57	1	38468
1	1041.43	288.97	1	38472
1	1041.45	287.6	1	38476
1	1041.68	287.28	1	38480
1	1041.35	287.4	1	38484
1	1041.11	287.69	1	38488
1	1040.78	289.41	1	38492
1	1041.46	288.12	1	38496
1	1041.74	289.68	1	38500
1	1042.15	290.67	1	38504
1	1042.83	291.37	1	38508
1	1042.86	291.61	1	38512
1	1043.29	292.31	1	38516
1	1044.29	291.9	1	38520
1	1046.67	292.83	1	38524
1	1051.99	294.36	1	38528
1	1059.29	295.16	1	38532
1	1065.99	295.16	1	38536
1	1072.19	297.17	1	38540
1	1078.04	296.89	1	38544
1	1075.85	296.81	1	38548
1	1079.78	297.72	1	38552
1	1086.88	296.59	1	38556
1	1086.66	297.33	1	38560
1	1089.44	296.62	1	38564
1	1092.08	297.53	1	38568
1	1092.44	295.33	1	38572
1	1092.54	293.77	1	38576
1	1092.96	292.34	1	38580
1	1093.58	290.8	1	38584
1	1093.1	289.15	1	38588
1	1094.44	288.52	1	38592
1	1094.42	285.89	1	38596
1	1093.99	284.7	1	38600
1	1094.03	284.53	1	38604
1	1094.48	283.15	1	38608
1	1094.42	281.5	1	38612
1	1094.42	280.29	1	38616
1	1094.66	280.97	1	38620
1	1094.1	279.91	1	38624
1	1094.05	278.72	1	38628
1	1095.61	280.02	1	38632
1	1093.03	278.3	1	38636
1	1095.02	278.77	1	38640
1	1094.43	278.61	1	38644
1	1093.02	278.8	1	38648
1	1091.91	279.31	1	38652
1	1091.76	280.42	1	38656
1	1090.7	283.18	1	38660
1	1092.13	284.53	1	38664
1	1090.69	284.15	1	38668
1	1091.14	285.33	1	38672
1	1090.8	286.72	1	38676
1	1091.26	287.49	1	38680
1	1090.57	289.84	1	38684
1	1090.68	290.2	1	38688
1	1090.84	290.27	1	38692
1	1092.58	291.2	1	38696
1	1093.19	292.31	1	38700
1	1093.22	291.69	1	38704
1	1093.74	290.65	1	38708
1	1093.76	291.34	1	38712
1	1094.52	291.03	1	38716
1	1094.94	289.71	1	38720
1	1096.05	289.75	1	38724
1	1096.19	288.1	1	38728
1	1096.17	286.56	1	38732
1	1096.3	285.8	1	38736
1	1095.98	284.17	1	38740
1	1095.87	282.22	1	38744
1	1095.81	281.41	1	38748
1	1095.88	281	1	38752
1	1095.92	279.34	1	38756
1	1095.78	279.36	1	38760
1	1095.62	279.88	1	38764
1	1094.64	278.54	1	38768
1	1092.93	278.52	1	38772
1	1087.12	279.18	1	38776
1	1078.86	279.15	1	38780
1	1074.89	280.02	1	38784
1	1072.61	279.58	1	38788
1	1068.51	280.49	1	38792
1	1066.4	281.07	1	38796
1	1065.95	281.69	1	38800
1	1062.93	282.66	1	38804
1	1062.5	282.63	1	38808
1	1059.7	283.81	1	38812
1	1058.34	285.17	1	38816
1	1058.13	285.24	1	38820
1	1059.25	286.52	1	38824
1	1059.96	286.33	1	38828
1	1060.59	287.49	1	38832
1	1060.32	287.03	1	38836
1	1060.23	288.46	1	38840
1	1059.81	288.17	1	38844
1	1059.31	288.03	1	38848
1	1058.31	287.87	1	38852
1	1058.34	288.87	1	38856
1	1058.73	289.38	1	38860
1	1058.55	289.42	1	38864
1	1057.09	290.08	1	38868
1	1057.31	289.4	1	38872
1	1057.5	290.2	1	38876
1	1057.99	290.58	1	38880
1	1059.07	290.54	1	38884
1	1059.4	291.43	1	38888
1	1060.19	289.72	1	38892
1	1059.69	290.04	1	38896
1	1060.12	290.57	1	38900
1	1059.21	288.77	1	38904
1	1059.18	288.61	1	38908
1	1059.61	286.5	1	38912
1	1060.18	285.2	1	38916
1	1060.59	284.55	1	38920
1	1058.92	283.11	1	38924
1	1059.4	281.42	1	38928
1	1060.51	279.87	1	38932
1	1059.26	280.4	1	38936
1	1059.73	280.16	1	38940
1	1059.83	278.64	1	38944
1	1060.24	277.82	1	38948
1	1059.09	278.66	1	38952
1	1058.88	278.68	1	38956
1	1057.42	280.88	1	38960
1	1057.86	280.29	1	38964
1	1058.11	281.48	1	38968
1	1058.18	281.98	1	38972
1	1057.02	283.89	1	38976
1	1057.29	284.65	1	38980
1	1057.05	286.03	1	38984
1	1056.73	287.51	1	38988
1	1056.19	289.05	1	38992
1	1056.31	290.08	1	38996
1	1057.38	291.56	1	39000
1	1058.33	292.02	1	39004
1	1057.73	292.73	1	39008
1	1056.67	292.52	1	39012
1	1055.66	294.19	1	39016
1	1055.31	295.53	1	39020
1	1055.77	296.74	1	39024
1	1057.11	296.93	1	39028
1	1055.8	296.88	1	39032
1	1057.42	295.45	1	39036
1	1065.92	295.2	1	39040
1	1086.5	294.17	1	39044
1	1106.54	292.16	1	39048
1	1112.28	291.39	1	39052
1	1109.59	290.66	1	39056
1	1115.49	290.29	1	39060
1	1123.26	289.86	1	39064
1	1125.82	288.38	1	39068
1	1125.66	289.21	1	39072
1	1125.69	290.25	1	39076
1	1127.44	289.92	1	39080
1	1128.54	290.54	1	39084
1	1129.86	292.99	1	39088
1	1129.76	294.08	1	39092
1	1129.56	294.96	1	39096
1	1129.22	297.02	1	39100
1	1128.5	297.59	1	39104
1	1128.37	298.24	1	39108
1	1127.64	299.3	1	39112
1	1127.77	298.48	1	39116
1	1127.9	297.87	1	39120
1	1127.99	298.03	1	39124
1	1128.05	297.97	1	39128
1	1128.23	297.17	1	39132
1	1128.18	296.11	1	39136
1	1130.07	294.75	1	39140
1	1128.58	293.97	1	39144
1	1130.29	291.79	1	39148
1	1130.47	291.69	1	39152
1	1131.29	290.05	1	39156
1	1131.23	289.41	1	39160
1	1130.47	289.33	1	39164
1	1130.07	289.56	1	39168
1	1129.76	290.1	1	39172
1	1129.96	290.62	1	39176
1	1129.42	290.73	1	39180
1	1127.69	290.63	1	39184
1	1129.76	291.2	1	39188
1	1129.09	291.04	1	39192
1	1128.37	290.03	1	39196
1	1128.5	291.36	1	39200
1	1128.38	291.12	1	39204
1	1129.46	291.49	1	39208
1	1129.4	289.67	1	39212
1	1130.03	288.36	1	39216
1	1128.84	286.78	1	39220
1	1129.44	286.13	1	39224
1	1130.73	284.06	1	39228
1	1131.2	283.29	1	39232
1	1130.71	283.56	1	39236
1	1131.39	284.49	1	39240
1	1132.56	284.2	1	39244
1	1130.78	283.62	1	39248
1	1131.35	283.14	1	39252
1	1130.34	282.87	1	39256
1	1130.46	284	1	39260
1	1131.71	281.84	1	39264
1	1131.28	283.06	1	39268
1	1131.32	284.16	1	39272
1	1130.94	284.48	1	39276
1	1130.35	284.72	1	39280
1	1130.39	285.79	1	39284
1	1129.64	284.36	1	39288
1	1130.11	285.37	1	39292
1	1131.24	285.52	1	39296
1	1131.16	287.09	1	39300
1	1130.68	287.15	1	39304
1	1130.02	287.83	1	39308
1	1129.82	288.55	1	39312
1	1129.59	289.62	1	39316
1	1128.42	289.39	1	39320
1	1128.47	290.94	1	39324
1	1127.35	290.58	1	39328
1	1127.32	290.2	1	39332
1	1128.51	290.32	1	39336
1	1126.86	290.54	1	39340
1	1126.47	291.29	1	39344
1	1126.49	291.94	1	39348
1	1126.07	292.67	1	39352
1	1125.93	294.26	1	39356
1	1128.65	293.06	1	39360
1	1140.47	295.59	1	39364
1	1150.89	295.89	1	39368
1	1153.54	295.15	1	39372
1	1158.04	295.91	1	39376
1	1162.6	296.39	1	39380
1	1165.67	295.26	1	39384
1	1163.96	295.44	1	39388
1	1164.01	294.72	1	39392
1	1168.08	294.59	1	39396
1	1168.93	295.4	1	39400
1	1170.75	294.42	1	39404
1	1168.89	294.56	1	39408
1	1169.74	294.44	1	39412
1	1167.94	294.4	1	39416
1	1166.79	294.51	1	39420
1	1167.15	295.01	1	39424
1	1166.14	295.85	1	39428
1	1166.14	294.73	1	39432
1	1166.69	295.4	1	39436
1	1166.62	295.28	1	39440
1	1166.88	294.33	1	39444
1	1167.33	294.73	1	39448
1	1168.33	293.56	1	39452
1	1168.6	293.54	1	39456
1	1170.07	293.39	1	39460
1	1169.62	292.96	1	39464
1	1170.29	292.56	1	39468
1	1170.78	292.77	1	39472
1	1171.28	292.76	1	39476
1	1171.57	292.07	1	39480
1	1171.47	291.79	1	39484
1	1170.12	292.51	1	39488
1	1169.34	292.86	1	39492
1	1169.74	293.92	1	39496
1	1169.59	293.92	1	39500
1	1169.13	294.4	1	39504
1	1169.26	295.39	1	39508
1	1168.43	295.75	1	39512
1	1167.77	295.69	1	39516
1	1168.58	296.27	1	39520
1	1168.04	295.71	1	39524
1	1168.12	296.2	1	39528
1	1170.55	295.67	1	39532
1	1170.07	295.71	1	39536
1	1171.07	296.15	1	39540
1	1172.41	296.82	1	39544
1	1172.98	296.03	1	39548
1	1174.19	296.41	1	39552
1	1174.59	296.59	1	39556
1	1175.23	296.91	1	39560
1	1174.26	296.44	1	39564
1	1174.6	297.61	1	39568
1	1174.7	298.41	1	39572
1	1173.66	298.51	1	39576
1	1174.24	298.89	1	39580
1	1172.67	299.1	1	39584
1	1172.56	299.21	1	39588
1	1171.86	300.23	1	39592
1	1171.08	299.78	1	39596
1	1170.96	299.99	1	39600
1	1171.06	300.74	1	39604
1	1170.43	301.53	1	39608
1	1169.78	301.5	1	39612
1	1171.21	301.27	1	39616
1	1170.76	301.22	1	39620
1	1170.86	301.37	1	39624
1	1172.03	301.31	1	39628
1	1171.98	300.76	1	39632
1	1172.16	300.96	1	39636
1	1172.5	300.58	1	39640
1	1172.35	299.91	1	39644
1	1173.66	300.48	1	39648
1	1174.64	300.58	1	39652
1	1175.32	301.11	1	39656
1	1175.44	300.87	1	39660
1	1175.6	300.71	1	39664
1	1174.25	300.77	1	39668
1	1174.9	300.17	1	39672
1	1172.76	299.73	1	39676
1	1173.02	299.98	1	39680
1	1172.6	300.06	1	39684
1	1171.63	300.22	1	39688
1	1168.08	300.55	1	39692
1	1161.15	301	1	39696
1	1115.2	301.98	1	39700
1	1062	304.76	1	39704
1	1022.2	305.01	1	39708
1	990.99	308.48	1	39712
1	958.9	311.56	1	39716
1	932.02	316.89	1	39720
1	907.86	322.13	1	39724
1	878.92	327.76	1	39728
1	858.39	332.85	1	39732
1	836.87	339.39	1	39736
1	828.12	341.96	1	39740
1	829.57	344.54	1	39744
1	826.36	346.49	1	39748
1	823	348.13	1	39752
1	827.27	351.61	1	39756
1	826.58	351.5	1	39760
1	824.01	353.07	1	39764
1	823.51	354.42	1	39768
1	824.04	355.39	1	39772
1	822.15	355.77	1	39776
1	823.19	355.65	1	39780
1	822.95	355.84	1	39784
1	822.66	356.4	1	39788
1	823.93	357.4	1	39792
1	824.65	358.7	1	39796
1	823.45	358.82	1	39800
1	823.38	360.86	1	39804
1	822.59	362.01	1	39808
1	822.97	362.62	1	39812
1	820.69	361.75	1	39816
1	820.15	362.33	1	39820
1	819.62	363.57	1	39824
1	819.6	362.94	1	39828
1	820.23	363.83	1	39832
1	819.67	363.89	1	39836
1	818.86	363.34	1	39840
1	819.07	363.92	1	39844
1	818.88	364.05	1	39848
1	819.47	364.44	1	39852
1	818.78	364.7	1	39856
1	819.76	366.21	1	39860
1	819.48	367.56	1	39864
1	819.69	367.72	1	39868
1	819.63	369.14	1	39872
1	819.27	369.29	1	39876
1	819.11	369.88	1	39880
1	819.29	371.15	1	39884
1	819.48	371.34	1	39888
1	818.95	372.02	1	39892
1	817.77	371.54	1	39896
1	817.04	371.81	1	39900
1	816.55	370.8	1	39904
1	814.73	369.89	1	39908
1	811.2	367.8	1	39912
1	801.5	366.56	1	39916
1	788.26	363.81	1	39920
1	785.47	362.81	1	39924
1	779.27	358.85	1	39928
1	775.87	355.54	1	39932
1	774.38	353.44	1	39936
1	774.47	351.05	1	39940
1	770.41	351.09	1	39944
1	770.35	348.66	1	39948
1	767.94	347.21	1	39952
1	767.23	347.99	1	39956
1	766.61	346.29	1	39960
1	768.3	345.73	1	39964
1	769.27	343.95	1	39968
1	768.28	343.81	1	39972
1	769.97	343.01	1	39976
1	768.88	342.56	1	39980
1	769.42	341.7	1	39984
1	771.3	340.37	1	39988
1	769.28	339.83	1	39992
1	769.56	339.45	1	39996
1	769.42	338.94	1	40000
1	769.24	338.46	1	40004
1	767.88	338.59	1	40008
1	767.33	338.77	1	40012
1	768.16	338.47	1	40016
1	768.86	338.97	1	40020
1	769.28	338.9	1	40024
1	769.26	339.37	1	40028
1	768.1	339.22	1	40032
1	769.13	339.75	1	40036
1	768.6	339.16	1	40040
1	769.68	339.06	1	40044
1	769.42	338.34	1	40048
1	769.31	338.61	1	40052
1	769.32	338.42	1	40056
1	769.48	338.99	1	40060
1	768.64	338.7	1	40064
1	766.69	337.97	1	40068
1	762.02	336.21	1	40072
1	756.58	335.21	1	40076
1	748.36	333.22	1	40080
1	741.8	331.48	1	40084
1	735.29	332.21	1	40088
1	731.07	331.28	1	40092
1	731.72	328.81	1	40096
1	730.43	328.38	1	40100
1	727.02	325.78	1	40104
1	724.42	325.61	1	40108
1	722.63	326.27	1	40112
1	721.8	325.81	1	40116
1	722.28	325.06	1	40120
1	723.16	325.71	1	40124
1	723.3	326.06	1	40128
1	723.69	324.23	1	40132
1	725.2	323.19	1	40136
1	726.37	323.6	1	40140
1	726.09	323.1	1	40144
1	725.52	323.53	1	40148
1	724.96	322.38	1	40152
1	725.25	320.89	1	40156
1	724.6	320.29	1	40160
1	723.67	319.54	1	40164
1	723.19	318.47	1	40168
1	722.67	317.75	1	40172
1	722.65	317.23	1	40176
1	721.69	317.3	1	40180
1	720.23	316.18	1	40184
1	720.24	315.65	1	40188
1	720.58	314.27	1	40192
1	720.94	314.47	1	40196
1	721.66	314.85	1	40200
1	722.47	313.94	1	40204
1	722.91	313.48	1	40208
1	722.6	313.36	1	40212
1	722.19	313.01	1	40216
1	721.7	312.27	1	40220
1	722.14	312.14	1	40224
1	722.42	312.42	1	40228
1	722.73	313.02	1	40232
1	721.92	314.86	1	40236
1	722.25	312.87	1	40240
1	721.64	313.15	1	40244
1	721.47	313.64	1	40248
1	720.68	313.99	1	40252
1	721.23	313.76	1	40256
1	722.5	315.99	1	40260
1	723.32	317.33	1	40264
1	724.96	317.19	1	40268
1	724.28	318.79	1	40272
1	724.24	319.67	1	40276
1	725.18	319.04	1	40280
1	729.06	320.89	1	40284
1	740.51	320.45	1	40288
1	753.87	320.31	1	40292
1	756.83	319.23	1	40296
1	752.47	320.77	1	40300
1	753.15	318.24	1	40304
1	757.95	319.33	1	40308
1	760.91	318.56	1	40312
1	761.29	317.89	1	40316
1	762.24	315.85	1	40320
1	765.47	314.8	1	40324
1	764.84	313.96	1	40328
1	766.32	313.07	1	40332
1	765.81	314.45	1	40336
1	764.93	316.52	1	40340
1	764.87	317.67	1	40344
1	765.63	316.57	1	40348
1	766.39	316.66	1	40352
1	767.39	317.91	1	40356
1	767.97	318.31	1	40360
1	769.41	319.03	1	40364
1	768.17	321.23	1	40368
1	769.09	321.89	1	40372
1	768.93	322.48	1	40376
1	768.67	323	1	40380
1	768.56	322.12	1	40384
1	768.82	319.33	1	40388
1	768.13	320.56	1	40392
1	768.1	320.28	1	40396
1	766.62	318.89	1	40400
1	766.04	318.11	1	40404
1	764.16	317.99	1	40408
1	764.87	318.42	1	40412
1	765.3	318.31	1	40416
1	765.07	318.75	1	40420
1	765.62	319.48	1	40424
1	765.47	320.4	1	40428
1	765.74	322.63	1	40432
1	765.28	322.77	1	40436
1	765.57	323.78	1	40440
1	765.08	325.1	1	40444
1	765.11	326.61	1	40448
1	764.27	327.66	1	40452
1	764.04	328	1	40456
1	762.88	328.27	1	40460
1	762.16	329.42	1	40464
1	761.58	329.27	1	40468
1	761.9	329.15	1	40472
1	762.1	329.64	1	40476
1	761.77	329.72	1	40480
1	761.19	329.78	1	40484
1	762.47	328.82	1	40488
1	760.87	327.66	1	40492
1	761.84	327.52	1	40496
1	763.01	326.42	1	40500
1	764.17	327.03	1	40504
1	765.11	327.44	1	40508
1	764.66	327.49	1	40512
1	764.2	327.04	1	40516
1	763.22	327.02	1	40520
1	762.71	327.53	1	40524
1	763.62	328.17	1	40528
1	763.26	328.57	1	40532
1	762.48	330.91	1	40536
1	762.55	330.23	1	40540
1	763	330.39	1	40544
1	762.69	331.11	1	40548
1	762.04	331.27	1	40552
1	760.92	330.06	1	40556
1	760.38	331.92	1	40560
1	760.89	331.84	1	40564
1	762	331.54	1	40568
1	761.73	332.43	1	40572
1	761.63	331.81	1	40576
1	761.82	331.54	1	40580
1	762.5	331.95	1	40584
1	762.76	332.97	1	40588
1	761.44	331.55	1	40592
1	761.73	331.11	1	40596
1	762.89	330.67	1	40600
1	762.1	330.15	1	40604
1	762.63	329.62	1	40608
1	762.82	329.58	1	40612
1	762.25	327.15	1	40616
1	761.92	327.92	1	40620
1	762.11	327.79	1	40624
1	761.63	327.55	1	40628
1	760.58	327.4	1	40632
1	760.37	327.85	1	40636
1	760.35	327.81	1	40640
1	759.2	328.96	1	40644
1	759.59	329.83	1	40648
1	759.2	329.94	1	40652
1	759.32	330.12	1	40656
1	760.17	330.74	1	40660
1	759.89	331.23	1	40664
1	760.38	331.16	1	40668
1	760.42	332.03	1	40672
1	760.51	331.57	1	40676
1	760.66	333.16	1	40680
1	761.93	333.94	1	40684
1	762.11	333.66	1	40688
1	762.05	334.71	1	40692
1	762.42	335.1	1	40696
1	761.47	335.01	1	40700
1	761.24	336.72	1	40704
1	761.59	336.06	1	40708
1	761.61	336.28	1	40712
1	761	334.86	1	40716
1	761.17	335.35	1	40720
1	761.52	334.23	1	40724
1	761.76	334.05	1	40728
1	762.35	332.81	1	40732
1	763.46	333.09	1	40736
1	762.76	331.28	1	40740
1	764.38	331.77	1	40744
1	764.7	331.4	1	40748
1	763.97	330.7	1	40752
1	763.03	331.38	1	40756
1	763.96	332.54	1	40760
1	763.36	333.8	1	40764
1	763.51	332.16	1	40768
1	762.94	331.94	1	40772
1	763.14	332.19	1	40776
1	763.32	331.94	1	40780
1	763.44	333.09	1	40784
1	763.01	332.1	1	40788
1	762.02	332.26	1	40792
1	762.16	331.72	1	40796
1	762.68	331.52	1	40800
1	762.51	330.92	1	40804
1	762.35	330.83	1	40808
1	762.15	331.06	1	40812
1	762.5	331.23	1	40816
1	762.42	332.2	1	40820
1	762.14	332.61	1	40824
1	762.4	332.38	1	40828
1	763.49	331.92	1	40832
1	764.79	330.55	1	40836
1	765.52	330.94	1	40840
1	764.47	331.03	1	40844
1	764.93	331.58	1	40848
1	764.23	330.78	1	40852
1	764.24	331.3	1	40856
1	765.55	330.52	1	40860
1	764.14	328.89	1	40864
1	764.79	328.96	1	40868
1	764.76	328.45	1	40872
1	764.11	327.97	1	40876
1	761.64	328.6	1	40880
1	761.44	328.34	1	40884
1	762.34	328.04	1	40888
1	762.5	327.25	1	40892
1	762.09	326.95	1	40896
1	762.65	327.28	1	40900
1	762.62	327.59	1	40904
1	762.5	327.64	1	40908
1	762.56	328.02	1	40912
1	763.14	327.44	1	40916
1	762.84	327.97	1	40920
1	765.1	328.02	1	40924
1	765.7	328.36	1	40928
1	764.57	327.73	1	40932
1	764.26	328.21	1	40936
1	764.77	327.88	1	40940
1	765.44	327.95	1	40944
1	765.22	328.93	1	40948
1	764.72	331.81	1	40952
1	764.12	332.84	1	40956
1	765.93	329.96	1	40960
1	765.87	316.37	1	40964
1	764.42	315.42	1	40968
1	763.89	313.67	1	40972
1	763.86	312.83	1	40976
1	762.41	312.09	1	40980
1	758.02	309.98	1	40984
1	755.18	305.48	1	40988
1	751.74	300.15	1	40992
1	749.04	299.56	1	40996
1	746.98	298.12	1	41000
1	747.12	298.67	1	41004
1	745.87	297.89	1	41008
1	744.94	296.34	1	41012
1	743.43	299.18	1	41016
1	757.35	323.32	1	41020
1	757.92	320.78	1	41024
1	755.54	320.91	1	41028
1	756.31	318.86	1	41032
1	756.46	316.49	1	41036
1	754.9	316.75	1	41040
1	754.76	319.23	1	41044
1	756.64	320.08	1	41048
1	755.65	321.48	1	41052
1	753.45	319.75	1	41056
1	751.74	321.89	1	41060
1	751.03	323.97	1	41064
1	749.04	327.71	1	41068
1	747.6	327.87	1	41072
1	747.04	329.34	1	41076
1	745.9	330.45	1	41080
1	746.32	334.05	1	41084
1	745.34	335.26	1	41088
1	744.36	335.64	1	41092
1	743.66	335.75	1	41096
1	743.27	337.85	1	41100
1	742.89	338.6	1	41104
1	743	337.98	1	41108
1	743.16	337.29	1	41112
1	743.69	336.96	1	41116
1	743.69	336.18	1	41120
1	743.83	336.95	1	41124
1	744.67	337.36	1	41128
1	743.76	335.2	1	41132
1	744.1	335.34	1	41136
1	744.45	334.9	1	41140
1	745.58	334.87	1	41144
1	745.55	333.7	1	41148
1	745.38	333.94	1	41152
1	744.46	334.48	1	41156
1	745	334.86	1	41160
1	745.8	335.59	1	41164
1	745.72	335.72	1	41168
1	744.81	335.99	1	41172
1	745.9	336.73	1	41176
1	745.32	337.61	1	41180
1	744.59	339.34	1	41184
1	745.01	339.42	1	41188
1	746.45	339.97	1	41192
1	746.51	340.38	1	41196
1	747.34	338.84	1	41200
1	743.19	344.4	0	41204
1	0	0	0	41208
1	0	0	0	41212
1	0	0	0	41216
1	0	0	0	41220
1	0	0	0	41224
1	0	0	0	41228
1	0	0	0	41232
1	0	0	0	41236
1	0	0	0	41240
1	0	0	0	41244
1	0	0	0	41248
1	0	0	0	41252
1	0	0	0	41256
1	0	0	0	41260
1	0	0	0	41264
1	0	0	0	41268
1	0	0	0	41272
1	0	0	0	41276
1	0	0	0	41280
1	0	0	0	41284
1	0	0	0	41288
1	0	0	0	41292
1	0	0	0	41296
1	0	0	0	41300
1	0	0	0	41304
1	0	0	0	41308
1	0	0	0	41312
1	0	0	0	41316
1	0	0	0	41320
1	0	0	0	41324
1	0	0	0	41328
1	0	0	0	41332
1	756.46	313.15	0	41336
1	750.74	321.48	0	41340
1	756.73	301.91	0	41344
1	760.84	317.13	0	41348
1	762.18	325.24	0	41352
1	765.33	314.88	0	41356
1	769.19	317.78	0	41360
1	764.64	317.56	1	41364
1	769.73	317.1	1	41368
1	772.14	313.71	1	41372
1	776.17	308.09	1	41376
1	775.82	305.53	1	41380
1	778.94	302.78	1	41384
1	779.32	301.16	1	41388
1	779.07	302.21	1	41392
1	777.75	300.63	1	41396
1	779.09	300.83	1	41400
1	778.49	301.28	1	41404
1	776.94	300.81	1	41408
1	776.12	302.16	1	41412
1	775.56	303.8	1	41416
1	774.32	305.44	1	41420
1	772.56	307.75	1	41424
1	770.64	311.66	1	41428
1	770.11	312.45	1	41432
1	769.99	314.15	1	41436
1	770.16	317.49	1	41440
1	770.37	319.38	1	41444
1	770.83	321.62	1	41448
1	771.52	322.87	1	41452
1	772.38	322.86	1	41456
1	772.4	324.62	1	41460
1	772.64	326.64	1	41464
1	773.3	327.55	1	41468
1	774.2	328.12	1	41472
1	774.79	328.81	1	41476
1	774.45	329.86	1	41480
1	775.07	329.83	1	41484
1	775.01	329.28	1	41488
1	774.05	330.23	1	41492
1	774.05	330.49	1	41496
1	773.22	331.18	1	41500
1	774.48	331.15	1	41504
1	774.01	332.4	1	41508
1	774.03	332.9	1	41512
1	773.86	334.06	1	41516
1	773.01	333.39	1	41520
1	773.1	332.47	1	41524
1	773.23	332.01	1	41528
1	773.75	331.31	1	41532
1	773.79	329.71	1	41536
1	773.47	328.9	1	41540
1	774.48	328.88	1	41544
1	773.43	329.03	1	41548
1	773.68	327.37	1	41552
1	773.43	328.56	1	41556
1	772.94	327.35	1	41560
1	773.29	327.36	1	41564
1	772.42	328.53	1	41568
1	772.1	328.77	1	41572
1	771.38	329.35	1	41576
1	770.94	330.24	1	41580
1	770.7	331.23	1	41584
1	770.61	331.19	1	41588
1	772.45	331.85	1	41592
1	781.48	332.52	1	41596
1	798.29	332.23	1	41600
1	801.25	332.08	1	41604
1	805.66	332.73	1	41608
1	809.58	331.72	1	41612
1	812.17	331.73	1	41616
1	813.62	331.61	1	41620
1	818.22	331.08	1	41624
1	819.5	330.67	1	41628
1	819.34	331.04	1	41632
1	820.83	331.18	1	41636
1	820.73	330.18	1	41640
1	820.39	329.91	1	41644
1	819.6	331.06	1	41648
1	819.81	331.16	1	41652
1	819.2	330.96	1	41656
1	819.18	330.94	1	41660
1	819.27	331.69	1	41664
1	819.76	332.1	1	41668
1	819.86	332.46	1	41672
1	820.37	333.64	1	41676
1	820.6	333.72	1	41680
1	821.78	334.27	1	41684
1	821.07	334.78	1	41688
1	821.04	335.18	1	41692
1	820.29	335.61	1	41696
1	821.12	337.15	1	41700
1	822.04	338.24	1	41704
1	822	338.22	1	41708
1	821.73	338.93	1	41712
1	821.85	339.29	1	41716
1	821.59	339.71	1	41720
1	821.48	339.68	1	41724
1	821.35	340.37	1	41728
1	821.79	341.51	1	41732
1	822.05	339.85	1	41736
1	822.3	339.73	1	41740
1	822.56	339.57	1	41744
1	821.9	338.46	1	41748
1	821.86	339.78	1	41752
1	820.93	338.67	1	41756
1	821.35	337.91	1	41760
1	822.23	336.73	1	41764
1	822.19	336.91	1	41768
1	822.02	335.77	1	41772
1	822.45	335.68	1	41776
1	821.34	334.46	1	41780
1	820.81	336.3	1	41784
1	820	335.02	1	41788
1	820.78	336.71	1	41792
1	821.24	335	1	41796
1	821.3	335.84	1	41800
1	821.52	336.98	1	41804
1	821.55	337.31	1	41808
1	821.38	337.58	1	41812
1	820.82	338.9	1	41816
1	820.3	339.43	1	41820
1	820.5	341.4	1	41824
1	820.99	341.39	1	41828
1	820.22	340.51	1	41832
1	819.96	340.73	1	41836
1	820.15	341.04	1	41840
1	820.33	340.99	1	41844
1	819.57	339.98	1	41848
1	819.52	340.09	1	41852
1	819.86	339.7	1	41856
1	821.08	338.82	1	41860
1	820.62	339.46	1	41864
1	820.33	337.35	1	41868
1	819.83	337.54	1	41872
1	820.57	337.7	1	41876
1	821.15	337.89	1	41880
1	820.81	338.1	1	41884
1	819.75	337.94	1	41888
1	820.49	337.53	1	41892
1	820.86	336.62	1	41896
1	820.52	336.62	1	41900
1	819.84	338.48	1	41904
1	819.43	338.31	1	41908
1	819.97	339.26	1	41912
1	819.99	339.21	1	41916
1	819.58	339.64	1	41920
1	818.56	340.21	1	41924
1	817.89	338.85	1	41928
1	817.11	338.94	1	41932
1	816.69	339.33	1	41936
1	816.27	339.8	1	41940
1	815.8	339.23	1	41944
1	816.45	338.93	1	41948
1	816.78	337.14	1	41952
1	816.92	335.95	1	41956
1	817.27	334.7	1	41960
1	817.1	335.49	1	41964
1	817.09	334.19	1	41968
1	817.12	334.79	1	41972
1	817.23	333.45	1	41976
1	816.4	332.6	1	41980
1	816.54	330.93	1	41984
1	815.55	330.71	1	41988
1	816.12	330.75	1	41992
1	816.02	330.81	1	41996
1	816.27	330.81	1	42000
1	815.46	331.26	1	42004
1	815	329.62	1	42008
1	815.83	329.07	1	42012
1	815.66	328.7	1	42016
1	816.89	328.41	1	42020
1	816.64	330.03	1	42024
1	816.74	330.1	1	42028
1	817.18	328.81	1	42032
1	816.15	328.93	1	42036
1	815.58	328.73	1	42040
1	813.58	328.59	1	42044
1	814.06	328.39	1	42048
1	813.84	328.44	1	42052
1	812.95	328.54	1	42056
1	813.15	330.5	1	42060
1	812.16	330.77	1	42064
1	812.32	331.5	1	42068
1	811.68	331.39	1	42072
1	811.77	334.12	1	42076
1	811.76	333.72	1	42080
1	811.58	335.03	1	42084
1	812.41	334.88	1	42088
1	812.44	336.44	1	42092
1	812.77	337.09	1	42096
1	812.37	337.78	1	42100
1	812.26	337.26	1	42104
1	812.15	337.95	1	42108
1	812.22	337.37	1	42112
1	811.59	337.26	1	42116
1	811.52	335.9	1	42120
1	810.87	335.07	1	42124
1	811.7	333.71	1	42128
1	811.26	333.72	1	42132
1	811.38	333.47	1	42136
1	811.6	333.64	1	42140
1	812.43	333.34	1	42144
1	812.02	334.01	1	42148
1	812.22	334.05	1	42152
1	811.91	333.98	1	42156
1	812.26	334.92	1	42160
1	812.89	335.86	1	42164
1	813.9	336.38	1	42168
1	813.71	336.75	1	42172
1	813.72	336.2	1	42176
1	813.53	336.38	1	42180
1	812.99	336.13	1	42184
1	812.67	336.15	1	42188
1	813.63	336.67	1	42192
1	814.02	336.21	1	42196
1	814.74	336.52	1	42200
1	814.39	334.38	1	42204
1	813.74	334.97	1	42208
1	813.18	334.81	1	42212
1	814.3	335.98	1	42216
1	813.81	335.9	1	42220
1	814.76	335.38	1	42224
1	814.97	335.28	1	42228
1	814.78	334.77	1	42232
1	814.72	334.81	1	42236
1	813.71	335.46	1	42240
1	813.7	336.31	1	42244
1	813.68	337.74	1	42248
1	814.28	337.11	1	42252
1	815.21	337.15	1	42256
1	814.53	336.93	1	42260
1	815.13	336.89	1	42264
1	814.54	337.26	1	42268
1	814.15	338.07	1	42272
1	814.44	338	1	42276
1	814.55	337.95	1	42280
1	815.22	337.48	1	42284
1	815.15	336.63	1	42288
1	815.17	335.86	1	42292
1	815.11	337.63	1	42296
1	813.81	337.78	1	42300
1	814.1	338.44	1	42304
1	813.77	339.47	1	42308
1	813.78	340.91	1	42312
1	813.9	341.36	1	42316
1	813.41	341.08	1	42320
1	813.23	341.86	1	42324
1	814.06	342.3	1	42328
1	814.38	341.28	1	42332
1	814.92	343.26	1	42336
1	814.74	342.9	1	42340
1	815.26	343.76	1	42344
1	815.31	346.52	1	42348
1	815.24	350.63	1	42352
1	816.02	354.49	1	42356
1	815.77	361.77	1	42360
1	816.51	364.93	1	42364
1	816.78	365.9	1	42368
1	815.7	369.59	1	42372
1	813.91	371.18	1	42376
1	813.97	372.6	1	42380
1	814.04	374.53	1	42384
1	814.01	375.73	1	42388
1	813.86	376.92	1	42392
1	813.21	377.52	1	42396
1	811.36	379.03	1	42400
1	812.18	379.18	1	42404
1	812.55	378.96	1	42408
1	811.47	378.63	1	42412
1	811.67	379.87	1	42416
1	812.5	380.11	1	42420
1	812.55	380.4	1	42424
1	812.11	381.78	1	42428
1	811.7	382.78	1	42432
1	811.71	383.5	1	42436
1	811.12	382.96	1	42440
1	811.85	382.14	1	42444
1	811.07	381.48	1	42448
1	810.85	382.11	1	42452
1	811.37	382.35	1	42456
1	811.1	382.66	1	42460
1	811.53	382.21	1	42464
1	811.1	382.39	1	42468
1	811.05	382.17	1	42472
1	811.84	381.79	1	42476
1	811.55	381.62	1	42480
1	811.59	381.89	1	42484
1	811.39	381.94	1	42488
1	811.59	382.7	1	42492
1	811.26	382.94	1	42496
1	810.65	382.78	1	42500
1	809.71	382.37	1	42504
1	808.73	383.25	1	42508
1	810.31	382.91	1	42512
1	809.7	382.72	1	42516
1	809.47	382.8	1	42520
1	809.75	382.88	1	42524
1	810.07	383.53	1	42528
1	809.17	384.26	1	42532
1	809.65	384.8	1	42536
1	809.73	384.97	1	42540
1	810.23	385.94	1	42544
1	811.03	387.51	1	42548
1	812.5	387.35	1	42552
1	811.44	388.78	1	42556
1	811.38	389.8	1	42560
1	811.83	391.26	1	42564
1	813.47	391.26	1	42568
1	812.23	391.05	1	42572
1	813.33	391.09	1	42576
1	814.04	390.64	1	42580
1	814.48	390.93	1	42584
1	815.07	390.45	1	42588
1	814.33	389.19	1	42592
1	814.52	390.48	1	42596
1	815.27	390.27	1	42600
1	815.34	389.34	1	42604
1	815.06	389.27	1	42608
1	814.48	390.08	1	42612
1	814.71	390.78	1	42616
1	814.13	391.28	1	42620
1	813.73	390.96	1	42624
1	813.02	391.92	1	42628
1	813.01	392.52	1	42632
1	812.51	392.57	1	42636
1	811.99	391.47	1	42640
1	810.94	389.62	1	42644
1	812.83	390.24	1	42648
1	811.88	388.42	1	42652
1	810.98	386.53	1	42656
1	811.17	386.11	1	42660
1	810.52	384.15	1	42664
1	810.2	383.73	1	42668
1	810.17	382.91	1	42672
1	810.34	380.92	1	42676
1	809.36	380.94	1	42680
1	809.85	381.61	1	42684
1	810.08	381.74	1	42688
1	808.06	380.96	1	42692
1	808.31	380.94	1	42696
1	809.23	382.38	1	42700
1	810.42	381.13	1	42704
1	810.18	380.98	1	42708
1	811.72	381.78	1	42712
1	811.63	380.1	1	42716
1	810.61	381.56	1	42720
1	811.69	381.09	1	42724
1	811.47	379.26	1	42728
1	811.24	378.48	1	42732
1	812.72	378.35	1	42736
1	812.65	379.1	1	42740
1	812.15	378.84	1	42744
1	811.86	378.76	1	42748
1	811.86	379.26	1	42752
1	811.27	378.99	1	42756
1	811.35	380.67	1	42760
1	811.49	380.02	1	42764
1	811.86	380.6	1	42768
1	811.7	382.19	1	42772
1	812.38	380.91	1	42776
1	812.05	380.98	1	42780
1	811.83	381.94	1	42784
1	810.98	381.8	1	42788
1	811.3	380.12	1	42792
1	809.88	379.38	1	42796
1	811.33	369.67	1	42800
1	810.12	340.79	1	42804
1	812.13	315.86	1	42808
1	813.46	295.98	1	42812
1	814.8	290.63	1	42816
1	816.48	287.52	1	42820
1	815.89	280.99	1	42824
1	818.95	279.9	1	42828
1	821.31	280.83	1	42832
1	824.3	281.5	1	42836
1	824.38	278.17	1	42840
1	825.28	278.12	1	42844
1	827.56	276.38	1	42848
1	827.1	276.1	1	42852
1	828.46	276.15	1	42856
1	827.46	275.85	1	42860
1	827.57	276.02	1	42864
1	827.28	276.32	1	42868
1	826.24	277.15	1	42872
1	826.24	277.08	1	42876
1	825.4	276.92	1	42880
1	824.54	277.46	1	42884
1	823.9	277.71	1	42888
1	823.43	277.72	1	42892
1	822.27	277.47	1	42896
1	821.97	277.87	1	42900
1	821.47	278.07	1	42904
1	821.81	279.59	1	42908
1	821.33	279.99	1	42912
1	822.2	280.65	1	42916
1	821.45	280.76	1	42920
1	821.4	282.02	1	42924
1	822.28	282.31	1	42928
1	823.33	281.7	1	42932
1	823.46	281.1	1	42936
1	824.38	281.29	1	42940
1	824.9	279.85	1	42944
1	826.15	280.24	1	42948
1	826.04	277.35	1	42952
1	827.27	276.88	1	42956
1	827.3	275.3	1	42960
1	827.98	275.35	1	42964
1	828.82	273.8	1	42968
1	827.97	273.29	1	42972
1	827.63	273.38	1	42976
1	828.73	272.48	1	42980
1	829.83	273.44	1	42984
1	829.12	273.97	1	42988
1	828.69	273.81	1	42992
1	830.16	273.87	1	42996
1	830.13	273.39	1	43000
1	830.22	272.15	1	43004
1	829.29	271.75	1	43008
1	829.62	273.09	1	43012
1	830.86	270.79	1	43016
1	831.26	268.89	1	43020
1	830.92	264.72	1	43024
1	830.43	263.07	1	43028
1	830.57	259.65	1	43032
1	831.46	259.19	1	43036
1	830.93	256.46	1	43040
1	831.4	254.76	1	43044
1	831.25	252.76	1	43048
1	832.25	252.39	1	43052
1	832.72	249.89	1	43056
1	833.81	248.65	1	43060
1	832.71	248.73	1	43064
1	833.15	249.05	1	43068
1	834.08	249.09	1	43072
1	834.62	249.15	1	43076
1	834.6	249.72	1	43080
1	834.64	248.89	1	43084
1	834.5	249.66	1	43088
1	834.32	250.12	1	43092
1	835.01	249.6	1	43096
1	834.88	250.63	1	43100
1	834.26	249.97	1	43104
1	834.84	248.71	1	43108
1	834.69	248.56	1	43112
1	833.86	247.99	1	43116
1	833.6	247.6	1	43120
1	832.2	247.48	1	43124
1	831.94	247.05	1	43128
1	831.44	246.66	1	43132
1	831.62	245.98	1	43136
1	831.73	246.6	1	43140
1	832.3	245.46	1	43144
1	832.22	246.71	1	43148
1	831.27	248.03	1	43152
1	831.6	247.73	1	43156
1	832.07	248.53	1	43160
1	831.65	249.02	1	43164
1	832.04	249.02	1	43168
1	832.93	249.15	1	43172
1	833.47	249.4	1	43176
1	833.77	250.47	1	43180
1	832.97	251.13	1	43184
1	832.16	252.21	1	43188
1	831.97	251.27	1	43192
1	832.59	250.64	1	43196
1	832.64	251.32	1	43200
1	832.49	250.7	1	43204
1	831.96	251.68	1	43208
1	832.7	251.06	1	43212
1	832.29	251.91	1	43216
1	831.75	253.99	1	43220
1	831.88	255.8	1	43224
1	832.41	261.06	1	43228
1	833.02	278.95	1	43232
1	834.21	304.02	1	43236
1	836.6	336.89	1	43240
1	836.36	350.3	1	43244
1	835.53	354.62	1	43248
1	837.87	366.35	1	43252
1	836.26	366.4	1	43256
1	836.1	364.26	1	43260
1	836.25	367.34	1	43264
1	836.7	368.5	1	43268
1	837.81	370.47	1	43272
1	837.94	369.07	1	43276
1	838.03	372.33	1	43280
1	837.65	374.29	1	43284
1	837.69	374.97	1	43288
1	838.65	376.38	1	43292
1	838.34	375.05	1	43296
1	838.36	374.4	1	43300
1	839.68	375.55	1	43304
1	839.77	376.69	1	43308
1	839.09	378.54	1	43312
1	838.87	378.16	1	43316
1	838.66	380.51	1	43320
1	838.76	380.98	1	43324
1	838.5	381.51	1	43328
1	838.79	381.88	1	43332
1	837.84	381.77	1	43336
1	838.31	381.91	1	43340
1	839.32	382.71	1	43344
1	840.09	383.27	1	43348
1	840.29	382.73	1	43352
1	841.32	381.76	1	43356
1	840.81	382.14	1	43360
1	841.79	381.84	1	43364
1	841.81	381.37	1	43368
1	841.04	381.23	1	43372
1	839.28	381.78	1	43376
1	839.34	383.06	1	43380
1	840.25	383.28	1	43384
1	839.01	383.23	1	43388
1	838.18	383.22	1	43392
1	837.88	382.94	1	43396
1	836.53	384.35	1	43400
1	837.67	385.68	1	43404
1	835.38	384.19	1	43408
1	836.37	385	1	43412
1	836.54	384.47	1	43416
1	836.99	383.91	1	43420
1	836.17	383.99	1	43424
1	832.37	382.97	1	43428
1	830.83	383	1	43432
1	826.64	382.88	1	43436
1	824.2	383.4	1	43440
1	822.94	382.68	1	43444
1	819.1	383.04	1	43448
1	819.58	383.78	1	43452
1	816.34	384.91	1	43456
1	814.75	388.03	1	43460
1	813.19	388.28	1	43464
1	811.79	389.51	1	43468
1	813.03	390.8	1	43472
1	812.49	390.69	1	43476
1	811.46	392.31	1	43480
1	811.71	392.27	1	43484
1	810.48	392.83	1	43488
1	810.75	392.69	1	43492
1	811.46	393.26	1	43496
1	811.38	394.59	1	43500
1	810.88	394.92	1	43504
1	810.15	395.14	1	43508
1	810.68	395.21	1	43512
1	809.66	395.71	1	43516
1	810.45	397.33	1	43520
1	810.84	395.85	1	43524
1	811.12	395.96	1	43528
1	811.83	396.87	1	43532
1	812.07	396.98	1	43536
1	811.29	396.89	1	43540
1	811.25	396.57	1	43544
1	812.03	395.26	1	43548
1	813.25	394.43	1	43552
1	812.39	392.53	1	43556
1	813.69	392.14	1	43560
1	814.1	391.5	1	43564
1	814.4	390.79	1	43568
1	815.76	391.05	1	43572
1	815.84	390.14	1	43576
1	815.28	389.71	1	43580
1	816.31	389.6	1	43584
1	816.27	389.26	1	43588
1	816.14	390.08	1	43592
1	815.46	390.15	1	43596
1	815.91	390.91	1	43600
1	816.06	391.47	1	43604
1	815.75	392.3	1	43608
1	816.28	393.99	1	43612
1	815.39	394.68	1	43616
1	815.04	396.06	1	43620
1	816.16	396.95	1	43624
1	815.34	397.81	1	43628
1	815.22	399.29	1	43632
1	816.46	399.8	1	43636
1	816.2	400.11	1	43640
1	816.19	400.65	1	43644
1	816.14	401.66	1	43648
1	816.14	401.55	1	43652
1	815.43	402.1	1	43656
1	814.25	404	1	43660
1	811.33	408.34	1	43664
1	806.73	412.82	1	43668
1	801.21	419.63	1	43672
1	802.3	419.97	1	43676
1	794.76	423.64	1	43680
1	793.67	427.08	1	43684
1	794.58	429.33	1	43688
1	791.17	431.7	1	43692
1	789.88	432.95	1	43696
1	787.32	434.09	1	43700
1	786.39	434.97	1	43704
1	784.79	435.09	1	43708
1	784.43	434.31	1	43712
1	784.23	434.4	1	43716
1	782.91	434.65	1	43720
1	783.7	434.35	1	43724
1	784.24	434.65	1	43728
1	782.4	434.89	1	43732
1	781.58	433.9	1	43736
1	781.17	435.45	1	43740
1	781.04	435.77	1	43744
1	780.59	438.44	1	43748
1	780.51	439.56	1	43752
1	781.17	440.15	1	43756
1	780.52	441.07	1	43760
1	780.85	442.42	1	43764
1	780.05	444.23	1	43768
1	780.03	444.55	1	43772
1	780.23	444.91	1	43776
1	780.54	446.68	1	43780
1	780.61	446.58	1	43784
1	780.73	446.6	1	43788
1	781.07	446.53	1	43792
1	781.4	446.39	1	43796
1	781.54	445.91	1	43800
1	781.98	446.48	1	43804
1	783.34	446.18	1	43808
1	783.32	445.54	1	43812
1	782.86	445.17	1	43816
1	783.74	443.99	1	43820
1	783.58	445.39	1	43824
1	780.08	445.9	1	43828
1	775.05	447.3	1	43832
1	765.92	449.03	1	43836
1	755.61	452.2	1	43840
1	748.3	452.89	1	43844
1	742.04	454.08	1	43848
1	739.13	455.57	1	43852
1	734.78	455.97	1	43856
1	736.24	456.67	1	43860
1	736.38	457.21	1	43864
1	732.48	456.89	1	43868
1	730.47	457.23	1	43872
1	729.83	455.88	1	43876
1	730.58	454.91	1	43880
1	730.03	452.64	1	43884
1	730.18	453.1	1	43888
1	729.61	452.54	1	43892
1	730.08	450.83	1	43896
1	732.35	450.59	1	43900
1	730.69	450.39	1	43904
1	731.15	450.33	1	43908
1	731.02	451.36	1	43912
1	730.18	449.9	1	43916
1	728.76	452.37	1	43920
1	727.34	450.98	1	43924
1	727.43	454.43	1	43928
1	727.84	455.35	1	43932
1	727.81	455.79	1	43936
1	727.09	456.94	1	43940
1	725.65	460.18	1	43944
1	726	460.96	1	43948
1	724.85	463.47	1	43952
1	724.99	463.81	1	43956
1	725.55	464.97	1	43960
1	726.39	465.89	1	43964
1	727.31	467.4	1	43968
1	727.05	468.42	1	43972
1	726.52	468.12	1	43976
1	726.16	468.92	1	43980
1	726.87	470.34	1	43984
1	727.57	470.73	1	43988
1	727.55	470.94	1	43992
1	728.07	470.15	1	43996
1	727.98	471.02	1	44000
1	727.93	470.99	1	44004
1	727.37	471.57	1	44008
1	726.24	471.92	1	44012
1	727.25	471.25	1	44016
1	726.69	470.87	1	44020
1	727.47	470.74	1	44024
1	728.07	469.98	1	44028
1	728.31	469.4	1	44032
1	729.78	469.36	1	44036
1	730.34	469.53	1	44040
1	730.75	468.08	1	44044
1	731.58	467.54	1	44048
1	730.84	467.45	1	44052
1	731.44	472.84	1	44056
1	730.48	479.77	1	44060
1	730.3	491.72	1	44064
1	729.37	499.69	1	44068
1	727.14	502.95	1	44072
1	729.25	505.23	1	44076
1	727.01	506.51	1	44080
1	725.33	509.85	1	44084
1	724.44	510.84	1	44088
1	722.27	514.27	1	44092
1	723.11	516.66	1	44096
1	722.53	517.19	1	44100
1	722.48	519.34	1	44104
1	721.57	519.46	1	44108
1	722.33	519.41	1	44112
1	722.73	519.25	1	44116
1	721.47	520.98	1	44120
1	722.75	521.39	1	44124
1	724.21	522.07	1	44128
1	723.94	523.86	1	44132
1	725.54	523.98	1	44136
1	726.02	524.77	1	44140
1	726.51	525.36	1	44144
1	727.4	524.86	1	44148
1	728.79	525.49	1	44152
1	728.74	526.39	1	44156
1	728.98	528.32	1	44160
1	729.23	527.1	1	44164
1	728.1	527.5	1	44168
1	727.39	526.95	1	44172
1	726.42	527.87	1	44176
1	725.59	527.7	1	44180
1	725.68	526.25	1	44184
1	724.72	526.31	1	44188
1	723.14	526.96	1	44192
1	723.08	527.51	1	44196
1	722.87	526.09	1	44200
1	722.39	525.38	1	44204
1	721.91	526.3	1	44208
1	723.03	525.52	1	44212
1	723.55	525.89	1	44216
1	723.54	526.12	1	44220
1	716.33	527.67	1	44224
1	699.43	528.73	1	44228
1	687.68	530.7	1	44232
1	678.55	531.7	1	44236
1	681.79	531.47	1	44240
1	674.79	532.36	1	44244
1	675.02	532.27	1	44248
1	670.18	533.16	1	44252
1	669.6	532.91	1	44256
1	670.56	532.55	1	44260
1	669.01	532.01	1	44264
1	668.45	529.64	1	44268
1	669.09	529.51	1	44272
1	670.31	528.14	1	44276
1	671.25	526.57	1	44280
1	670.7	526.27	1	44284
1	672.05	525.35	1	44288
1	671.55	524.14	1	44292
1	672.37	522.82	1	44296
1	671.81	522.3	1	44300
1	671.5	521.96	1	44304
1	670.1	521.9	1	44308
1	669.21	521.9	1	44312
1	666.74	521.24	1	44316
1	666.12	521.38	1	44320
1	665.92	522.03	1	44324
1	665.83	522.43	1	44328
1	664.95	522.36	1	44332
1	664.36	523.31	1	44336
1	663.47	523.09	1	44340
1	664.05	523.1	1	44344
1	664.07	522.93	1	44348
1	664.44	524.14	1	44352
1	663.7	526.55	1	44356
1	664.64	528.36	1	44360
1	664.73	528.19	1	44364
1	664.06	529.4	1	44368
1	663.08	530.83	1	44372
1	663.8	531.66	1	44376
1	662.92	534.93	1	44380
1	662.51	536.29	1	44384
1	661.74	537.86	1	44388
1	661.83	538.67	1	44392
1	661.68	540.31	1	44396
1	663.73	539.1	1	44400
1	670.7	540.05	1	44404
1	685.79	539.95	1	44408
1	699.6	539.7	1	44412
1	709.08	540.19	1	44416
1	714.44	540.74	1	44420
1	723.06	540.74	1	44424
1	722.78	541.83	1	44428
1	722.52	541.58	1	44432
1	725.43	541.99	1	44436
1	724.84	542.39	1	44440
1	726.97	544.64	1	44444
1	728.11	544.91	1	44448
1	729.11	545.24	1	44452
1	728.67	545.5	1	44456
1	729.26	544.06	1	44460
1	728.56	543.74	1	44464
1	727.6	543.52	1	44468
1	726.73	543.42	1	44472
1	727.38	542.47	1	44476
1	726.63	541.54	1	44480
1	727.42	540.33	1	44484
1	728.17	538.27	1	44488
1	728.96	537.49	1	44492
1	728.13	536.57	1	44496
1	728.74	536.68	1	44500
1	727.94	537.41	1	44504
1	729.88	537.59	1	44508
1	729.04	534.99	1	44512
1	731.27	534.4	1	44516
1	731.33	534.39	1	44520
1	732.41	534.6	1	44524
1	732.14	535.24	1	44528
1	731.9	535.86	1	44532
1	732.15	537.18	1	44536
1	732.45	535.56	1	44540
1	732.58	535.84	1	44544
1	733.18	534.36	1	44548
1	732.58	534.79	1	44552
1	731.83	535.44	1	44556
1	731.42	535.38	1	44560
1	732.07	535.26	1	44564
1	732.14	535.44	1	44568
1	732.3	535.18	1	44572
1	732.36	536.67	1	44576
1	732.65	534.91	1	44580
1	733.37	535.94	1	44584
1	732.21	538.09	1	44588
1	732.03	539.6	1	44592
1	731.03	541.24	1	44596
1	732.57	541.97	1	44600
1	734.34	542.31	1	44604
1	732.81	544.22	1	44608
1	732	545.46	1	44612
1	733.8	547.12	1	44616
1	736.97	547.92	1	44620
1	745.87	549.3	1	44624
1	753.45	549.77	1	44628
1	759.33	550.89	1	44632
1	761.75	549.19	1	44636
1	767.58	549.61	1	44640
1	771.88	549.77	1	44644
1	775.17	549.01	1	44648
1	774.87	550.97	1	44652
1	778.8	548.13	1	44656
1	779.54	547.24	1	44660
1	782.27	547.49	1	44664
1	783.67	546.32	1	44668
1	784.8	545.91	1	44672
1	785.51	543.97	1	44676
1	785.86	545.12	1	44680
1	785.5	545.04	1	44684
1	785.31	546.02	1	44688
1	785.14	546.29	1	44692
1	786.15	546.54	1	44696
1	785.35	545.66	1	44700
1	785.92	547.54	1	44704
1	786.7	548.95	1	44708
1	786.06	549.64	1	44712
1	786.84	550.15	1	44716
1	785.99	551.11	1	44720
1	787.23	552.9	1	44724
1	787.1	552.98	1	44728
1	787.4	550.66	1	44732
1	787.18	551.62	1	44736
1	786.65	551.64	1	44740
1	786.82	551.05	1	44744
1	787.74	551.88	1	44748
1	787.21	549.48	1	44752
1	787.28	549.65	1	44756
1	786.74	549.01	1	44760
1	787.04	550.3	1	44764
1	787.92	549.17	1	44768
1	787.64	548.82	1	44772
1	787.99	550	1	44776
1	788.42	550.14	1	44780
1	788.79	550.32	1	44784
1	789.08	551.15	1	44788
1	788.96	551.25	1	44792
1	788.14	551.32	1	44796
1	788.25	551.19	1	44800
1	788.92	551.79	1	44804
1	790.03	550.75	1	44808
1	789.08	551.65	1	44812
1	789.44	552.03	1	44816
1	788.56	552.49	1	44820
1	788.21	551.58	1	44824
1	788.43	551.31	1	44828
1	789.07	550.15	1	44832
1	788.94	550.65	1	44836
1	788.8	551.01	1	44840
1	789.4	550.62	1	44844
1	789.74	550.66	1	44848
1	788.2	550.68	1	44852
1	788.3	549.39	1	44856
1	788.99	548.94	1	44860
1	788.49	547.43	1	44864
1	789.57	547.75	1	44868
1	790.22	547.49	1	44872
1	789.84	547.5	1	44876
1	791.88	546.25	1	44880
1	802.34	546.17	1	44884
1	826.92	544.8	1	44888
1	861.9	543.74	1	44892
1	869.98	542.37	1	44896
1	874.17	541.72	1	44900
1	883.55	540.59	1	44904
1	886.61	540.47	1	44908
1	882.57	540.22	1	44912
1	884.89	540.3	1	44916
1	883.31	540.31	1	44920
1	885.74	540.72	1	44924
1	886.85	540.84	1	44928
1	888.91	542.65	1	44932
1	888.01	543.26	1	44936
1	888.79	544.06	1	44940
1	888.7	545.76	1	44944
1	887.2	546.42	1	44948
1	885.67	546.89	1	44952
1	885.52	548.36	1	44956
1	886.01	548.49	1	44960
1	885.75	549.16	1	44964
1	885.63	549.21	1	44968
1	885.24	550.62	1	44972
1	884.96	549.12	1	44976
1	885.01	549.58	1	44980
1	885.27	550.5	1	44984
1	886.06	550.58	1	44988
1	887.84	549.53	1	44992
1	887.97	549.66	1	44996
1	888.63	548.89	1	45000
1	888.35	548.66	1	45004
1	888.99	548.52	1	45008
1	889.38	548.93	1	45012
1	889.19	548.73	1	45016
1	889.33	549.58	1	45020
1	890.74	548.65	1	45024
1	891.36	547.88	1	45028
1	891.62	546.55	1	45032
1	890.97	546.24	1	45036
1	892.55	546.72	1	45040
1	892.02	546.45	1	45044
1	892.95	546.7	1	45048
1	893.5	546.23	1	45052
1	894.23	545.42	1	45056
1	893.09	544.93	1	45060
1	893.87	543.84	1	45064
1	892.71	543.95	1	45068
1	893.6	543.37	1	45072
1	891.88	543.97	1	45076
1	891.91	543.72	1	45080
1	890.95	543.06	1	45084
1	890.18	541.99	1	45088
1	890.55	539.91	1	45092
1	888.1	540.53	1	45096
1	889.32	539.81	1	45100
1	889.66	538.28	1	45104
1	888.56	538.71	1	45108
1	888.13	538.77	1	45112
1	886.54	539.54	1	45116
1	886.74	539.57	1	45120
1	885.75	541.16	1	45124
1	886.27	541.44	1	45128
1	887.39	540.98	1	45132
1	885.41	541.32	1	45136
1	884.65	542.3	1	45140
1	884.75	541.92	1	45144
1	886.01	543.27	1	45148
1	885.45	543.05	1	45152
1	885.28	543.8	1	45156
1	885.2	544.62	1	45160
1	884.82	544.45	1	45164
1	885.54	544.1	1	45168
1	884.25	544.58	1	45172
1	884.62	544.73	1	45176
1	884.81	545.39	1	45180
1	887.39	545.36	1	45184
1	893.04	546.17	1	45188
1	906.89	546.32	1	45192
1	920.21	546.97	1	45196
1	931.67	545.97	1	45200
1	938.34	545.29	1	45204
1	949.4	544.75	1	45208
1	953.47	544.67	1	45212
1	954.46	542.96	1	45216
1	957.27	543.51	1	45220
1	959.62	542.66	1	45224
1	960.93	542.3	1	45228
1	963.79	541.03	1	45232
1	964.72	540.25	1	45236
1	966.52	539.57	1	45240
1	966.98	539.75	1	45244
1	968.19	538.97	1	45248
1	966.89	539.93	1	45252
1	966.9	539.39	1	45256
1	966.72	539.56	1	45260
1	966.77	538.54	1	45264
1	965.61	538.64	1	45268
1	965.59	538.05	1	45272
1	964.34	537.47	1	45276
1	965.69	537.05	1	45280
1	964.49	537.04	1	45284
1	964.76	536.7	1	45288
1	965.89	536.11	1	45292
1	965.89	535.86	1	45296
1	966.24	535.24	1	45300
1	967.24	535.84	1	45304
1	967.58	535.06	1	45308
1	967.97	534.62	1	45312
1	969.44	534.63	1	45316
1	968.36	534.15	1	45320
1	968.97	533.86	1	45324
1	968.78	533.36	1	45328
1	968.99	533.01	1	45332
1	969.38	533.16	1	45336
1	969.14	532.01	1	45340
1	969.83	532.12	1	45344
1	970.27	530.99	1	45348
1	971.03	531.86	1	45352
1	971.91	532.28	1	45356
1	973.94	532.83	1	45360
1	989.53	534.35	1	45364
1	996.46	534.56	1	45368
1	1013.14	534.45	1	45372
1	1022.31	534.96	1	45376
1	1016.82	535.81	1	45380
1	1022.69	536.37	1	45384
1	1026.41	536.33	1	45388
1	1028.91	537.19	1	45392
1	1031.18	537.72	1	45396
1	1033.65	538.3	1	45400
1	1036.03	537.45	1	45404
1	1036.43	536.46	1	45408
1	1037.9	537.02	1	45412
1	1038.16	537.31	1	45416
1	1038.14	537.04	1	45420
1	1039.03	536.38	1	45424
1	1039.82	535.89	1	45428
1	1039.75	535.95	1	45432
1	1039.68	535.17	1	45436
1	1039.17	534.78	1	45440
1	1038.19	534.07	1	45444
1	1037.92	533.56	1	45448
1	1037.99	534.22	1	45452
1	1037.44	533.22	1	45456
1	1036.96	532.61	1	45460
1	1036.81	532.71	1	45464
1	1036.94	533.12	1	45468
1	1037.15	533.37	1	45472
1	1036.92	532.4	1	45476
1	1036.74	533.01	1	45480
1	1037.63	534.24	1	45484
1	1037.89	532.61	1	45488
1	1038.27	532.88	1	45492
1	1037.59	532.36	1	45496
1	1038.05	533.04	1	45500
1	1038.47	531.67	1	45504
1	1037.87	532.7	1	45508
1	1038.26	532.68	1	45512
1	1037.54	532.74	1	45516
1	1036.93	532.73	1	45520
1	1036.43	532.42	1	45524
1	1036.86	531.5	1	45528
1	1037.28	531.84	1	45532
1	1035.41	531.67	1	45536
1	1037.35	533.11	1	45540
1	1036.96	532.36	1	45544
1	1037.25	532.58	1	45548
1	1038.02	531.83	1	45552
1	1041.95	532.04	1	45556
1	1049.13	532.32	1	45560
1	1055.31	533.35	1	45564
1	1060.23	531.91	1	45568
1	1070.63	532.75	1	45572
1	1074.01	532.08	1	45576
1	1079.63	531.03	1	45580
1	1081.56	530.09	1	45584
1	1082.35	529.55	1	45588
1	1086.3	528.97	1	45592
1	1089.79	529.97	1	45596
1	1089.78	530.09	1	45600
1	1091.91	529.57	1	45604
1	1092.88	529.08	1	45608
1	1093.18	529.05	1	45612
1	1093.75	527.69	1	45616
1	1094.14	527.62	1	45620
1	1094.96	527.55	1	45624
1	1095.01	526.85	1	45628
1	1096.01	527.38	1	45632
1	1096.67	527.78	1	45636
1	1096.11	526.65	1	45640
1	1096.89	525.1	1	45644
1	1097.51	524.46	1	45648
1	1097.42	525.03	1	45652
1	1098.36	525.01	1	45656
1	1098.57	526.67	1	45660
1	1099.26	526.11	1	45664
1	1097.76	526.05	1	45668
1	1098.02	527.21	1	45672
1	1098.96	527.5	1	45676
1	1099.98	527.24	1	45680
1	1099.24	527.64	1	45684
1	1099.25	528.14	1	45688
1	1099.66	528.43	1	45692
1	1099.87	527.67	1	45696
1	1101.02	527.55	1	45700
1	1100.41	527.35	1	45704
1	1100.22	527.44	1	45708
1	1100.84	527.68	1	45712
1	1101.79	527.3	1	45716
1	1101.02	527.54	1	45720
1	1100.5	527.79	1	45724
1	1100.82	528.6	1	45728
1	1100.36	528.2	1	45732
1	1099.33	528.2	1	45736
1	1098.52	528.28	1	45740
1	1097.74	528.16	1	45744
1	1097.73	527.42	1	45748
1	1096.76	527.98	1	45752
1	1097.13	526.78	1	45756
1	1095.95	527.55	1	45760
1	1096.27	526.8	1	45764
1	1094.88	525.12	1	45768
1	1093.62	525.36	1	45772
1	1094.69	525.22	1	45776
1	1093.53	525.79	1	45780
1	1094.92	526.12	1	45784
1	1094.15	525.88	1	45788
1	1093.65	526.88	1	45792
1	1093.14	526.83	1	45796
1	1092.54	527.01	1	45800
1	1092.3	527.63	1	45804
1	1090.12	527.94	1	45808
1	1091.58	528.45	1	45812
1	1090.4	528.09	1	45816
1	1089.72	529.28	1	45820
1	1090.65	529.71	1	45824
1	1089.46	530.88	1	45828
1	1090.28	531.62	1	45832
1	1089.46	532.28	1	45836
1	1090.22	532.32	1	45840
1	1089.74	533.28	1	45844
1	1088.76	534.3	1	45848
1	1088.93	533.9	1	45852
1	1087.28	535.7	1	45856
1	1090.22	536.44	1	45860
1	1089.88	534.98	1	45864
1	1078.41	533.91	1	45868
1	1067.91	533.95	1	45872
1	1051.12	534.03	1	45876
1	1042.45	533.65	1	45880
1	1032.82	532.68	1	45884
1	1029.46	531.07	1	45888
1	1027.3	531.39	1	45892
1	1025.01	530.1	1	45896
1	1023.88	529.02	1	45900
1	1024.24	528.66	1	45904
1	1023.17	528.07	1	45908
1	1021.18	529.11	1	45912
1	1018.8	528.57	1	45916
1	1018.59	528.55	1	45920
1	1017.03	527.71	1	45924
1	1017.93	528.72	1	45928
1	1019.01	529.35	1	45932
1	1018.87	530.09	1	45936
1	1018.25	530.97	1	45940
1	1018.51	531.31	1	45944
1	1017.58	530.32	1	45948
1	1017.85	532.28	1	45952
1	1018.75	532.5	1	45956
1	1019.25	532.4	1	45960
1	1020.13	531.98	1	45964
1	1020.74	532.43	1	45968
1	1021.13	533.65	1	45972
1	1020.23	532.99	1	45976
1	1020.61	533.15	1	45980
1	1020.8	533.33	1	45984
1	1021.64	533.05	1	45988
1	1021.82	535.01	1	45992
1	1021.46	533.83	1	45996
1	1022.15	534.18	1	46000
1	1022.52	536.26	1	46004
1	1021.64	536.47	1	46008
1	1021.78	536.52	1	46012
1	1022.71	538.71	1	46016
1	1022.13	538.41	1	46020
1	1021.07	537.75	1	46024
1	1022.06	536.85	1	46028
1	1022.43	537.53	1	46032
1	1021.43	537.24	1	46036
1	1022.63	537.39	1	46040
1	1021.47	536.05	1	46044
1	1021.89	535.11	1	46048
1	1021.63	532.1	1	46052
1	1020.88	533.03	1	46056
1	1020.55	531.59	1	46060
1	1020.4	530.48	1	46064
1	1020.84	530.05	1	46068
1	1021.75	530.38	1	46072
1	1020.52	530.36	1	46076
1	1021.42	531.42	1	46080
1	1021.83	533.76	1	46084
1	1021.32	534.46	1	46088
1	1020.92	536.62	1	46092
1	1020.49	538.35	1	46096
1	1020.35	539.02	1	46100
1	1019.7	540.5	1	46104
1	1018.72	540.84	1	46108
1	1018.57	542.16	1	46112
1	1017.09	543.58	1	46116
1	1016.9	544.27	1	46120
1	1015.7	544.13	1	46124
1	1014.44	544.21	1	46128
1	1013.19	544.49	1	46132
1	1014.61	543.69	1	46136
1	1013.93	543.45	1	46140
1	1013.42	542.77	1	46144
1	1011.41	541.66	1	46148
1	1011.99	541.59	1	46152
1	1012.21	540.64	1	46156
1	1011.71	540	1	46160
1	1012.1	538.99	1	46164
1	1011.66	538.94	1	46168
1	1013.36	537.82	1	46172
1	1013.23	537.76	1	46176
1	1012.9	536.75	1	46180
1	1012.9	535.41	1	46184
1	1014.92	537.01	1	46188
1	1016.04	536.36	1	46192
1	1016.34	537.62	1	46196
1	1016.32	537.8	1	46200
1	1016.3	536.45	1	46204
1	1014.16	537.84	1	46208
1	1010.06	538.08	1	46212
1	1001.98	537.28	1	46216
1	999.21	538.34	1	46220
1	996.48	539.61	1	46224
1	993.38	539.27	1	46228
1	988.62	538.93	1	46232
1	984.08	539.83	1	46236
1	981.98	539.3	1	46240
1	981.96	539.03	1	46244
1	978.1	539.42	1	46248
1	978.46	539.83	1	46252
1	977.21	539.7	1	46256
1	977.22	539.68	1	46260
1	977.51	539.42	1	46264
1	977.49	539.29	1	46268
1	976.37	539.25	1	46272
1	976.58	538.77	1	46276
1	978.16	537.31	1	46280
1	977.89	537.14	1	46284
1	978.21	536.28	1	46288
1	978.19	535.61	1	46292
1	977.35	535.85	1	46296
1	976.8	535.42	1	46300
1	977.45	535.38	1	46304
1	977.12	534.58	1	46308
1	976.59	533.65	1	46312
1	977.75	533.22	1	46316
1	978.23	532.66	1	46320
1	978	531.44	1	46324
1	977.73	532.05	1	46328
1	977.73	530.81	1	46332
1	978.85	529.77	1	46336
1	979.89	528.88	1	46340
1	981	527.88	1	46344
1	981.37	527.62	1	46348
1	981.38	527.76	1	46352
1	982.65	528.53	1	46356
1	982.25	527.71	1	46360
1	982.53	528.82	1	46364
1	983.05	528.34	1	46368
1	984.34	528.41	1	46372
1	984.42	529.07	1	46376
1	984.12	528.54	1	46380
1	983.31	529.56	1	46384
1	981.48	530	1	46388
1	981.49	530.63	1	46392
1	981.1	530.64	1	46396
1	980.93	529.13	1	46400
1	980.73	530.27	1	46404
1	981.15	530.95	1	46408
1	980.24	531.01	1	46412
1	978	531.98	1	46416
1	976.82	533.28	1	46420
1	977	534.35	1	46424
1	976.36	534.27	1	46428
1	975.74	534.93	1	46432
1	977.94	536.05	1	46436
1	976.67	536.9	1	46440
1	976.78	537.45	1	46444
1	977.81	537.28	1	46448
1	977.57	537.7	1	46452
1	978.52	538.56	1	46456
1	978.19	540.21	1	46460
1	978.96	540.93	1	46464
1	978.65	543.66	1	46468
1	977.11	547.37	1	46472
1	975.44	550.51	1	46476
1	976.42	552.08	1	46480
1	988.36	552.03	1	46484
1	0	0	0	46488
1	0	0	0	46492
1	0	0	0	46496
1	0	0	0	46500
1	0	0	0	46504
1	0	0	0	46508
1	0	0	0	46512
1	0	0	0	46516
1	0	0	0	46520
1	0	0	0	46524
1	0	0	0	46528
1	0	0	0	46532
1	0	0	0	46536
1	999.69	546.95	1	46540
1	1003.36	540.86	1	46544
1	1003.79	535.73	1	46548
1	990.66	577.63	1	46552
1	989.65	557.05	1	46556
1	997.36	547.8	1	46560
1	1006.47	551.71	1	46564
1	1010.36	546.56	1	46568
1	1013.97	534.53	1	46572
1	1017.04	528.6	1	46576
1	1016.79	526.07	1	46580
1	1015.86	530.96	1	46584
1	1018	530.24	1	46588
1	1018.14	531.61	1	46592
1	1016.75	535.5	1	46596
1	1019.6	537.74	1	46600
1	1020.17	538.69	1	46604
1	1017.95	539.65	1	46608
1	1016.03	542.74	1	46612
1	1014.79	542.97	1	46616
1	1015.08	546.12	1	46620
1	1013.14	547.44	1	46624
1	1011.97	548.81	1	46628
1	1011.16	548.14	1	46632
1	1010.79	548.45	1	46636
1	1012.04	548	1	46640
1	1010.32	547.51	1	46644
1	1010.31	546.7	1	46648
1	1010.31	546.57	1	46652
1	1009.24	545.59	1	46656
1	1010.36	545.15	1	46660
1	1010.37	544.24	1	46664
1	1011.51	543.62	1	46668
1	1012.5	542.9	1	46672
1	1012.63	543.29	1	46676
1	1013.01	543.03	1	46680
1	1012.95	542.4	1	46684
1	1014.03	543.55	1	46688
1	1014.2	544.23	1	46692
1	1013.18	545.36	1	46696
1	1013.34	545.66	1	46700
1	1013.68	546.29	1	46704
1	1014.34	547.02	1	46708
1	1012.99	548.2	1	46712
1	1012.98	549.44	1	46716
1	1013.07	550.81	1	46720
1	1013.11	552.06	1	46724
1	1012.87	551.67	1	46728
1	1007.96	551.14	1	46732
1	1020.76	552.29	1	46736
1	0	0	0	46740
1	0	0	0	46744
1	0	0	0	46748
1	0	0	0	46752
1	0	0	0	46756
1	0	0	0	46760
1	0	0	0	46764
1	0	0	0	46768
1	0	0	0	46772
1	0	0	0	46776
1	0	0	0	46780
1	0	0	0	46784
1	0	0	0	46788
1	0	0	0	46792
1	0	0	0	46796
1	0	0	0	46800
1	0	0	0	46804
1	0	0	0	46808
1	0	0	0	46812
1	0	0	0	46816
1	0	0	0	46820
1	0	0	0	46824
1	0	0	0	46828
1	0	0	0	46832
1	0	0	0	46836
1	0	0	0	46840
1	0	0	0	46844
1	0	0	0	46848
1	0	0	0	46852
1	0	0	0	46856
1	0	0	0	46860
1	0	0	0	46864
1	0	0	0	46868
1	0	0	0	46872
1	0	0	0	46876
1	0	0	0	46880
1	0	0	0	46884
1	0	0	0	46888
1	1021.83	859.85	0	46892
1	1009.07	827.23	0	46896
1	1064.4	551.61	1	46900
1	1081.62	546.08	1	46904
1	1087.11	630.66	1	46908
1	1079.85	537.42	1	46912
1	1078.56	504.24	1	46916
1	0	0	0	46920
1	1103.95	532.79	1	46924
1	1090.61	480.25	1	46928
1	1100.6	517.56	1	46932
1	1107.9	515.74	1	46936
1	1110.51	518.73	1	46940
1	1107.4	496.78	1	46944
1	1109.75	491.85	1	46948
1	1108.68	488.63	1	46952
1	1110.44	485.08	1	46956
1	1112.26	487.95	1	46960
1	1113.49	497.27	1	46964
1	1111.17	503.03	1	46968
1	1109.74	508.79	1	46972
1	1104.91	513.13	1	46976
1	1103.43	513.52	1	46980
1	1099.51	516.7	1	46984
1	1097.8	519.79	1	46988
1	1097.38	522.82	1	46992
1	1098.64	525.47	1	46996
1	1097.66	526.99	1	47000
1	1094.72	526.11	1	47004
1	1093.53	528.89	1	47008
1	1092.37	529.62	1	47012
1	1091.82	531.26	1	47016
1	1093.86	531.68	1	47020
1	1094.34	531.93	1	47024
1	1094.75	529.86	1	47028
1	1096.1	530.1	1	47032
1	1095.62	529.92	1	47036
1	1095.06	529.56	1	47040
1	1094.9	528.51	1	47044
1	1095.66	528.98	1	47048
1	1095.89	529.15	1	47052
1	1096.16	530.05	1	47056
1	1097.68	527.78	1	47060
1	1095.37	528.58	1	47064
1	1094.96	526.89	1	47068
1	1095.43	528.69	1	47072
1	1094.87	527.98	1	47076
1	1095.06	528.09	1	47080
1	1095.74	529.47	1	47084
1	1096.06	529.46	1	47088
1	1096.43	529.32	1	47092
1	1096.24	528.21	1	47096
1	1095.97	526.95	1	47100
1	1095.79	527.18	1	47104
1	1094.85	526.22	1	47108
1	1096.35	526.49	1	47112
1	1096.65	525.91	1	47116
1	1096.41	525.63	1	47120
1	1096.37	525.52	1	47124
1	1096.87	524.35	1	47128
1	1095.96	524.01	1	47132
1	1095.27	524.5	1	47136
1	1094.77	524.87	1	47140
1	1096.05	524.92	1	47144
1	1097.31	525.16	1	47148
1	1097.53	525.78	1	47152
1	1098.7	525.64	1	47156
1	1097.85	524.92	1	47160
1	1098.58	524.61	1	47164
1	1099.68	524.54	1	47168
1	1098.48	524.26	1	47172
1	1098.24	523.88	1	47176
1	1098.99	524.52	1	47180
1	1098.9	524.62	1	47184
1	1101.02	524.65	1	47188
1	1101.97	526.03	1	47192
1	1105.99	527.08	1	47196
1	1106.74	527.64	1	47200
1	1107.24	529.74	1	47204
1	1110.88	531.45	1	47208
1	1111.71	532.33	1	47212
1	1113.42	533.13	1	47216
1	1116.34	535.58	1	47220
1	1118.34	536.18	1	47224
1	1119.59	537.56	1	47228
1	1119.7	538.62	1	47232
1	1120.36	538.88	1	47236
1	1120.39	539.29	1	47240
1	1120.37	539.12	1	47244
1	1120.39	539.91	1	47248
1	1120.96	539.72	1	47252
1	1121.37	540.37	1	47256
1	1122.1	540.74	1	47260
1	1122	540.91	1	47264
1	1122	541.46	1	47268
1	1122.59	540.92	1	47272
1	1122.86	542.21	1	47276
1	1122.64	541.59	1	47280
1	1122.1	542.57	1	47284
1	1121.74	542.93	1	47288
1	1122.45	542.88	1	47292
1	1122.19	543.19	1	47296
1	1122.28	542.87	1	47300
1	1122.21	543.51	1	47304
1	1122.17	543.08	1	47308
1	1122.86	541.89	1	47312
1	1122.88	541.62	1	47316
1	1123.47	540.73	1	47320
1	1124.23	540.24	1	47324
1	1124.99	539.03	1	47328
1	1125.3	538.7	1	47332
1	1124.38	536.73	1	47336
1	1125.51	536.11	1	47340
1	1125.57	535.38	1	47344
1	1126.58	534.47	1	47348
1	1124.98	533.33	1	47352
1	1125.3	533.36	1	47356
1	1125.24	533.73	1	47360
1	1123.91	532.88	1	47364
1	1121.84	532.83	1	47368
1	1122.13	534.35	1	47372
1	1121.28	533.79	1	47376
1	1119.88	535.27	1	47380
1	1119.9	534.65	1	47384
1	1119.8	535.47	1	47388
1	1118.51	535.9	1	47392
1	1119.27	536.73	1	47396
1	1119.01	537.72	1	47400
1	1117.77	538.12	1	47404
1	1118.63	537.87	1	47408
1	1120.08	537.99	1	47412
1	1120.32	537.69	1	47416
1	1120.84	537.24	1	47420
1	1121.91	536.42	1	47424
1	1122.34	536.69	1	47428
1	1122.26	535.43	1	47432
1	1122.71	534.11	1	47436
1	1122.81	533.35	1	47440
1	1123.56	532.2	1	47444
1	1126.86	530.99	1	47448
1	1127.56	530.94	1	47452
1	1126.64	530.28	1	47456
1	1127.29	529.18	1	47460
1	1128.5	529.48	1	47464
1	1127.67	529.52	1	47468
1	1129.85	528.53	1	47472
1	1127.89	528.52	1	47476
1	1128.98	529.07	1	47480
1	1127.88	529.25	1	47484
1	1128.89	528.51	1	47488
1	1127.49	528.02	1	47492
1	1125.12	529.64	1	47496
1	1125.19	528.88	1	47500
1	1126.52	529.43	1	47504
1	1125.68	528.58	1	47508
1	1127.12	529.14	1	47512
1	1126.56	529.42	1	47516
1	1126.99	528.51	1	47520
1	1127.85	528.68	1	47524
1	1128.71	527.32	1	47528
1	1127.57	527.62	1	47532
1	1127.48	525.9	1	47536
1	1130.04	525.92	1	47540
1	1130.2	524.84	1	47544
1	1130.47	524.49	1	47548
1	1129.66	524.97	1	47552
1	1130.02	523.43	1	47556
1	1129.41	522.77	1	47560
1	1129.8	525.29	1	47564
1	1130.55	524.01	1	47568
1	1128.63	523.5	1	47572
1	1129.55	523.54	1	47576
1	1128.55	524.35	1	47580
1	1127.71	522.56	1	47584
1	1126.61	523.4	1	47588
1	1125.61	523.22	1	47592
1	1126.16	522.98	1	47596
1	1125.19	524.5	1	47600
1	1126.09	526.28	1	47604
1	1126.55	525.58	1	47608
1	1126.08	526.14	1	47612
1	1125.09	526.04	1	47616
1	1126.51	527.03	1	47620
1	1127.2	527.73	1	47624
1	1126.56	528.92	1	47628
1	1127.65	530.55	1	47632
1	1128.24	531.87	1	47636
1	1128.87	533.24	1	47640
1	1129.87	533.68	1	47644
1	1129.29	533.72	1	47648
1	1128.67	534.65	1	47652
1	1129.28	536.39	1	47656
1	1127.58	535.17	1	47660
1	1121.73	537.22	1	47664
1	1048.34	537.38	1	47668
1	1012.05	539.34	1	47672
1	967.09	541.26	1	47676
1	934.77	545.32	1	47680
1	901.37	546.79	1	47684
1	868.49	550.59	1	47688
1	846.09	557.78	1	47692
1	817.88	562.63	1	47696
1	803.1	565.52	1	47700
1	793.08	566.04	1	47704
1	779.49	568.99	1	47708
1	775.68	572.6	1	47712
1	777.43	573.33	1	47716
1	777.74	575.48	1	47720
1	777.99	576.46	1	47724
1	774.95	576.91	1	47728
1	773.19	577.2	1	47732
1	772.41	577.88	1	47736
1	769.07	577.02	1	47740
1	768.75	576.9	1	47744
1	769.14	576.5	1	47748
1	770.48	576.87	1	47752
1	769.5	577.47	1	47756
1	769.96	576.85	1	47760
1	769.05	575.42	1	47764
1	767.99	575.26	1	47768
1	769.7	574.89	1	47772
1	769.5	574.36	1	47776
1	769.64	573.94	1	47780
1	769.69	573.74	1	47784
1	768.43	573.06	1	47788
1	769.18	573.17	1	47792
1	767.68	573.57	1	47796
1	767.74	572.14	1	47800
1	767.09	573.35	1	47804
1	765.74	573.39	1	47808
1	763.39	574.07	1	47812
1	760.55	573.22	1	47816
1	761.7	573.69	1	47820
1	760.98	575.47	1	47824
1	761.55	574.42	1	47828
1	759.99	575.73	1	47832
1	759.56	577.5	1	47836
1	760.36	578.49	1	47840
1	762.18	578.84	1	47844
1	761.12	580.23	1	47848
1	761	580.98	1	47852
1	762.06	581.63	1	47856
1	762.61	582.86	1	47860
1	762.61	583.93	1	47864
1	758.74	585.53	1	47868
1	749.92	586.45	1	47872
1	731.71	587.43	1	47876
1	706.55	587.19	1	47880
1	692.97	586.89	1	47884
1	687.42	586.75	1	47888
1	682.67	585.65	1	47892
1	679.69	585.28	1	47896
1	680.55	584.85	1	47900
1	678.14	584.02	1	47904
1	677.66	582.19	1	47908
1	675.36	580.81	1	47912
1	672.87	579.3	1	47916
1	671.87	577.39	1	47920
1	672.27	575.49	1	47924
1	671.96	573.97	1	47928
1	672.17	573.06	1	47932
1	673.4	571.97	1	47936
1	673.81	570.62	1	47940
1	674.62	568.85	1	47944
1	674.91	567.98	1	47948
1	674.3	566.97	1	47952
1	674.39	567.41	1	47956
1	675.03	566.3	1	47960
1	674.49	566.28	1	47964
1	674.55	565.37	1	47968
1	674.56	565.75	1	47972
1	674.7	565.8	1	47976
1	674.54	566.52	1	47980
1	674.35	566.49	1	47984
1	673.66	567.03	1	47988
1	673.11	567.57	1	47992
1	673.49	567.15	1	47996
1	674.12	565.39	1	48000
1	674.53	564.01	1	48004
1	674.5	564.67	1	48008
1	674.68	565.68	1	48012
1	674.72	566.15	1	48016
1	674.86	565.25	1	48020
1	674.06	565.02	1	48024
1	673.5	562.5	1	48028
1	673.13	563.03	1	48032
1	673.06	562.92	1	48036
1	673.31	563.14	1	48040
1	672.62	564.42	1	48044
1	672.53	565.82	1	48048
1	671.52	565.72	1	48052
1	670.64	564.89	1	48056
1	669.46	565.12	1	48060
1	667.81	565.6	1	48064
1	668.06	566.01	1	48068
1	667.08	567.77	1	48072
1	666.03	567.71	1	48076
1	665.07	567.03	1	48080
1	665.73	567.32	1	48084
1	667.75	566.63	1	48088
1	672.19	565.65	1	48092
1	688.85	566.11	1	48096
1	708.72	567.85	1	48100
1	723.84	566.97	1	48104
1	742.1	566.41	1	48108
1	750.54	566.34	1	48112
1	759.91	565.91	1	48116
1	759.89	567.68	1	48120
1	754.55	568.57	1	48124
1	762.36	567.74	1	48128
1	761.37	569.98	1	48132
1	758.78	571.81	1	48136
1	763.39	571.72	1	48140
1	764.28	571.02	1	48144
1	765.42	572.2	1	48148
1	766.11	572.61	1	48152
1	765.38	573.3	1	48156
1	765.15	572.56	1	48160
1	763.88	571.7	1	48164
1	764.19	573.22	1	48168
1	763.53	573.64	1	48172
1	762.56	573.55	1	48176
1	763.44	572.07	1	48180
1	762.71	572.84	1	48184
1	763.09	574.59	1	48188
1	762.6	573.79	1	48192
1	762.77	575.8	1	48196
1	764.4	575.34	1	48200
1	763.34	575.99	1	48204
1	764.24	575.57	1	48208
1	765.23	577.1	1	48212
1	765.33	577.9	1	48216
1	765.6	577.74	1	48220
1	765.73	579.12	1	48224
1	767.97	578.39	1	48228
1	769.03	578.04	1	48232
1	768.59	577.86	1	48236
1	769.52	578.17	1	48240
1	770.32	575.8	1	48244
1	770.56	576.26	1	48248
1	770.04	574.22	1	48252
1	768.67	571.38	1	48256
1	770.49	569.37	1	48260
1	771.19	569.07	1	48264
1	773.26	568.51	1	48268
1	770.57	568.46	1	48272
1	771.61	568.24	1	48276
1	769.11	568.98	1	48280
1	766.06	568.35	1	48284
1	760.26	568.39	1	48288
1	755.28	567.5	1	48292
1	748.4	567.69	1	48296
1	744.14	568.97	1	48300
1	738.34	569.38	1	48304
1	738.68	569.37	1	48308
1	736.44	569.39	1	48312
1	733.73	569.03	1	48316
1	729.96	568.71	1	48320
1	730.54	569.18	1	48324
1	728.87	568.91	1	48328
1	728.7	570.08	1	48332
1	727.06	570.7	1	48336
1	726.33	570.79	1	48340
1	725.73	570.65	1	48344
1	726.13	570.74	1	48348
1	726.83	571.83	1	48352
1	726.57	571.78	1	48356
1	725.81	572.61	1	48360
1	727.43	572.99	1	48364
1	727.13	572.87	1	48368
1	727.45	572.25	1	48372
1	727.89	572.52	1	48376
1	729.61	572.92	1	48380
1	730.35	573.57	1	48384
1	730.95	574.93	1	48388
1	731.13	576.4	1	48392
1	730.56	576.79	1	48396
1	729.7	577.92	1	48400
1	730.43	576.99	1	48404
1	729.42	578.56	1	48408
1	728.88	579.13	1	48412
1	727.84	579.88	1	48416
1	727.88	579.94	1	48420
1	727.56	579.01	1	48424
1	727.37	578.62	1	48428
1	725.95	578.58	1	48432
1	726.37	577.47	1	48436
1	727	577.22	1	48440
1	726.74	577.95	1	48444
1	725.65	577.45	1	48448
1	726.78	578.24	1	48452
1	726.3	578.28	1	48456
1	726.59	578.95	1	48460
1	727.8	579.29	1	48464
1	728.04	580.74	1	48468
1	727.76	582.05	1	48472
1	727.69	582.27	1	48476
1	728.22	582.37	1	48480
1	727.3	583.37	1	48484
1	728.65	581.43	1	48488
1	728.39	582.85	1	48492
1	728.97	581.33	1	48496
1	728.45	581.9	1	48500
1	730.12	581.7	1	48504
1	727.51	581.13	1	48508
1	729.2	579.6	1	48512
1	727.46	579.64	1	48516
1	726.71	580.61	1	48520
1	727.02	579.68	1	48524
1	727.09	579.71	1	48528
1	727.2	580.35	1	48532
1	725.89	579.46	1	48536
1	726.89	578.77	1	48540
1	728.08	579.17	1	48544
1	735.09	578.78	1	48548
1	750.44	577.29	1	48552
1	755.87	577.26	1	48556
1	759.53	576.78	1	48560
1	765.45	576.76	1	48564
1	773.84	575.34	1	48568
1	774.56	575.51	1	48572
1	776	575.92	1	48576
1	777.94	576.52	1	48580
1	780.05	576.78	1	48584
1	780.57	576.73	1	48588
1	782.35	577.12	1	48592
1	781.48	577.94	1	48596
1	780.27	579.45	1	48600
1	781.25	580.12	1	48604
1	780.35	579.44	1	48608
1	778.39	579.23	1	48612
1	778.47	577.97	1	48616
1	778.62	577.99	1	48620
1	778.46	578.19	1	48624
1	779.05	576.58	1	48628
1	780.05	577.21	1	48632
1	780.5	576.57	1	48636
1	782.1	575.95	1	48640
1	785.24	574.83	1	48644
1	784.17	572.96	1	48648
1	784.8	573.43	1	48652
1	784.4	573	1	48656
1	783.81	573.24	1	48660
1	782.63	573.05	1	48664
1	781.02	572.82	1	48668
1	780.48	573.55	1	48672
1	778.99	572.88	1	48676
1	778.45	572.82	1	48680
1	778.39	573.34	1	48684
1	775.64	573.09	1	48688
1	774.82	573.71	1	48692
1	773.96	573.35	1	48696
1	774.12	574.82	1	48700
1	773.97	574.63	1	48704
1	775.15	575.54	1	48708
1	775.74	575.75	1	48712
1	775.71	574.93	1	48716
1	775.72	573.84	1	48720
1	776.84	569.14	1	48724
1	776.93	563.9	1	48728
1	778.06	555.03	1	48732
1	778.35	549.8	1	48736
1	780.9	548.89	1	48740
1	781.68	544.2	1	48744
1	781.54	543.18	1	48748
1	783.8	540.84	1	48752
1	784.42	539.67	1	48756
1	784.96	538.23	1	48760
1	786.92	536.22	1	48764
1	786.48	534.58	1	48768
1	785.94	535.38	1	48772
1	786.91	535.25	1	48776
1	786.82	536.1	1	48780
1	786.16	535.76	1	48784
1	785.88	535.75	1	48788
1	785.2	536.05	1	48792
1	784.05	536.57	1	48796
1	783.15	536.84	1	48800
1	782.09	536.08	1	48804
1	781.56	536.81	1	48808
1	780.56	537.89	1	48812
1	780.25	538.68	1	48816
1	778.62	539.01	1	48820
1	778.8	538.89	1	48824
1	778.61	538.99	1	48828
1	778.11	540.5	1	48832
1	778.74	540.88	1	48836
1	779.49	540.62	1	48840
1	781.15	539.62	1	48844
1	780.55	540.05	1	48848
1	781.79	539.55	1	48852
1	782.55	539.66	1	48856
1	781.96	540.05	1	48860
1	782.49	538.63	1	48864
1	782.46	538.55	1	48868
1	783.61	539.21	1	48872
1	782.64	539.59	1	48876
1	783.62	538.62	1	48880
1	783.15	539.13	1	48884
1	784.27	538.53	1	48888
1	784.77	538.97	1	48892
1	782.91	538.56	1	48896
1	784.64	537.89	1	48900
1	784.26	537.49	1	48904
1	785.57	537.79	1	48908
1	786.26	538.71	1	48912
1	785.23	537.92	1	48916
1	785.28	537.71	1	48920
1	785.83	537.16	1	48924
1	785.58	536.97	1	48928
1	784.53	537.03	1	48932
1	783.96	536.53	1	48936
1	784.51	536.34	1	48940
1	784.51	536.62	1	48944
1	785.34	536.52	1	48948
1	784.46	536.36	1	48952
1	784.94	534.61	1	48956
1	782.71	535.02	1	48960
1	766.11	536.12	1	48964
1	726.3	537.2	1	48968
1	698.47	534.32	1	48972
1	693.25	533.93	1	48976
1	691.8	533.71	1	48980
1	690.54	532.37	1	48984
1	691.1	529.51	1	48988
1	689.52	528.87	1	48992
1	691.83	525.92	1	48996
1	690.56	527.74	1	49000
1	690.26	524.69	1	49004
1	688.34	523.47	1	49008
1	688.09	521.31	1	49012
1	688.81	520.64	1	49016
1	689.74	519.27	1	49020
1	689.96	518.44	1	49024
1	689.43	517.6	1	49028
1	689.14	519.1	1	49032
1	688.61	518.38	1	49036
1	687.38	518.95	1	49040
1	686.8	518.32	1	49044
1	686.37	518.93	1	49048
1	684.61	519.26	1	49052
1	682.89	519.97	1	49056
1	683.28	520.9	1	49060
1	681.51	522.65	1	49064
1	680.77	523.09	1	49068
1	680.85	524.1	1	49072
1	681.44	524.09	1	49076
1	681.18	524.37	1	49080
1	682.73	524.9	1	49084
1	680.56	525.64	1	49088
1	681.81	525.95	1	49092
1	681.31	525.18	1	49096
1	680.28	525.49	1	49100
1	678.95	526.77	1	49104
1	679.42	526.08	1	49108
1	679.63	526.04	1	49112
1	681.58	524.53	1	49116
1	680.37	524.16	1	49120
1	681.21	525.4	1	49124
1	679.72	525.54	1	49128
1	680.36	524.96	1	49132
1	680.01	524.19	1	49136
1	681.9	524.79	1	49140
1	682.32	524.73	1	49144
1	682.77	524.7	1	49148
1	683.43	523.35	1	49152
1	683.26	523.99	1	49156
1	683.56	523.31	1	49160
1	684.75	522.81	1	49164
1	683.78	522.42	1	49168
1	683.55	520.44	1	49172
1	683.07	520.95	1	49176
1	683.02	520.06	1	49180
1	683.26	519.5	1	49184
1	687.55	519.93	1	49188
1	693.13	520.23	1	49192
1	705.43	519.79	1	49196
1	713.62	521.44	1	49200
1	716.41	524.7	1	49204
1	716.49	525.09	1	49208
1	720.61	524.72	1	49212
1	722.86	527.04	1	49216
1	721.6	527.53	1	49220
1	725.91	528.38	1	49224
1	725.79	529.91	1	49228
1	726.67	530.71	1	49232
1	728.13	530.11	1	49236
1	727.71	531.9	1	49240
1	725.87	531.63	1	49244
1	725.77	529.54	1	49248
1	725.14	530.29	1	49252
1	724.86	531.59	1	49256
1	725.93	530.76	1	49260
1	727.91	530.92	1	49264
1	726.45	531.34	1	49268
1	729.09	532.11	1	49272
1	729.66	531.71	1	49276
1	730.34	533.13	1	49280
1	731.68	533.45	1	49284
1	731.94	534.06	1	49288
1	731.72	535.17	1	49292
1	731.86	535.36	1	49296
1	733.54	535.08	1	49300
1	732.58	536.26	1	49304
1	730.69	536.54	1	49308
1	731.92	535.47	1	49312
1	729.53	535.58	1	49316
1	727.82	535.64	1	49320
1	727.75	535.86	1	49324
1	726.62	536.21	1	49328
1	727.61	536.21	1	49332
1	727.74	536.32	1	49336
1	727.7	537.25	1	49340
1	726.09	537.42	1	49344
1	726.28	537.17	1	49348
1	727.69	538.32	1	49352
1	728.62	538.07	1	49356
1	729.58	538.74	1	49360
1	730.41	539.03	1	49364
1	732.04	538.75	1	49368
1	732.54	538.25	1	49372
1	733.17	538.56	1	49376
1	733.85	536.55	1	49380
1	734.17	535.21	1	49384
1	735.58	533.66	1	49388
1	736.72	532.53	1	49392
1	736.62	531.01	1	49396
1	737.88	530.67	1	49400
1	735.21	530.79	1	49404
1	736.56	528.33	1	49408
1	735.8	528.83	1	49412
1	735.14	528.41	1	49416
1	735.52	528.38	1	49420
1	735.3	529.38	1	49424
1	734.63	530.3	1	49428
1	733	531.46	1	49432
1	732.82	533.26	1	49436
1	731.27	533.81	1	49440
1	729.37	535.32	1	49444
1	729.42	536.54	1	49448
1	728.96	538.9	1	49452
1	727.31	540.89	1	49456
1	727.36	544.18	1	49460
1	726.95	545.56	1	49464
1	726.75	546.76	1	49468
1	727.46	548.55	1	49472
1	730.14	549.6	1	49476
1	730.08	551.16	1	49480
1	731.61	549.3	1	49484
1	750.95	532.46	1	49488
1	748.92	556.6	1	49492
1	0	0	0	49496
1	0	0	0	49500
1	0	0	0	49504
1	0	0	0	49508
1	0	0	0	49512
1	0	0	0	49516
1	0	0	0	49520
1	0	0	0	49524
1	0	0	0	49528
1	0	0	0	49532
1	0	0	0	49536
1	0	0	0	49540
1	0	0	0	49544
1	0	0	0	49548
1	0	0	0	49552
1	0	0	0	49556
1	0	0	0	49560
1	0	0	0	49564
1	0	0	0	49568
1	0	0	0	49572
1	0	0	0	49576
1	0	0	0	49580
1	0	0	0	49584
1	0	0	0	49588
1	0	0	0	49592
1	0	0	0	49596
1	0	0	0	49600
1	0	0	0	49604
1	0	0	0	49608
1	0	0	0	49612
1	0	0	0	49616
1	0	0	0	49620
1	0	0	0	49624
1	0	0	0	49628
1	0	0	0	49632
1	767.29	540.36	1	49636
1	0	0	0	49640
1	0	0	0	49644
1	783.86	531.44	1	49648
1	768.3	525.26	0	49652
1	753.07	522.51	1	49656
1	760.91	507.2	1	49660
1	761.94	495.4	1	49664
1	762.2	489.92	1	49668
1	754.62	495.58	1	49672
1	758.95	499.36	1	49676
1	760.2	500.6	1	49680
1	756.91	505.19	1	49684
1	754.58	507.9	1	49688
1	753.04	506.16	1	49692
1	753.97	510.02	1	49696
1	750.25	514.12	1	49700
1	745.81	513.97	1	49704
1	745.34	518.09	1	49708
1	742.63	520.58	1	49712
1	742.27	521.36	1	49716
1	740.24	525.46	1	49720
1	741.18	526.37	1	49724
1	740.55	527.95	1	49728
1	742.49	529.54	1	49732
1	743.56	530.01	1	49736
1	742.56	530.57	1	49740
1	743.75	529.97	1	49744
1	745.4	531.07	1	49748
1	744.47	532.37	1	49752
1	745.81	530.01	1	49756
1	748.25	531.47	1	49760
1	748.43	532.52	1	49764
1	748.05	532.04	1	49768
1	747.85	532.3	1	49772
1	747.05	533.73	1	49776
1	747.91	533.91	1	49780
1	747.9	533.49	1	49784
1	747.04	533.49	1	49788
1	747.58	533.22	1	49792
1	746.92	533.32	1	49796
1	737.94	533.22	1	49800
1	705.25	532.51	1	49804
1	688.15	532.41	1	49808
1	674.17	533.04	1	49812
1	670.1	533.22	1	49816
1	668.69	531.99	1	49820
1	666.49	531.47	1	49824
1	668.44	530.39	1	49828
1	669	529.73	1	49832
1	668.03	529.71	1	49836
1	663.89	529.12	1	49840
1	664.82	527.65	1	49844
1	662.49	527.58	1	49848
1	662.61	528.33	1	49852
1	661.59	528.09	1	49856
1	662.78	528.04	1	49860
1	665.01	528.33	1	49864
1	664.76	527.15	1	49868
1	663.42	527.41	1	49872
1	662	529.4	1	49876
1	662.91	527.04	1	49880
1	662.72	526.89	1	49884
1	662.15	527.22	1	49888
1	664.34	528.19	1	49892
1	664.15	528.62	1	49896
1	664.79	528.49	1	49900
1	663.62	527.19	1	49904
1	664.42	525.73	1	49908
1	664.32	525.49	1	49912
1	665.3	525.45	1	49916
1	663.66	524.09	1	49920
1	664.48	524.34	1	49924
1	664.37	524.91	1	49928
1	665.19	523.11	1	49932
1	664.94	523.52	1	49936
1	666.34	522.21	1	49940
1	665.02	521.85	1	49944
1	665.55	522.24	1	49948
1	665.78	522.94	1	49952
1	664.21	523.4	1	49956
1	664.43	523.46	1	49960
1	664.02	523.51	1	49964
1	663.56	524.05	1	49968
1	663.45	523.42	1	49972
1	662.24	525.03	1	49976
1	662.68	525.34	1	49980
1	662.3	526.02	1	49984
1	663.1	526.05	1	49988
1	661.8	525.91	1	49992
1	664.78	528.08	1	49996
1	675.52	529.6	1	50000
1	713.32	532.2	1	50004
1	752.42	537.42	1	50008
1	766.59	541.33	1	50012
1	764.59	550.58	1	50016
1	772.8	556.23	1	50020
1	773.69	562.18	1	50024
1	775.16	564.38	1	50028
1	775.79	562.81	1	50032
1	776.41	565.7	1	50036
1	777.3	567.42	1	50040
1	778.96	572.8	1	50044
1	779.84	577.18	1	50048
1	780.78	578.34	1	50052
1	780.06	578.85	1	50056
1	780.73	578.4	1	50060
1	781.13	580.4	1	50064
1	781.05	580.09	1	50068
1	782.37	580.36	1	50072
1	782.3	581.53	1	50076
1	784.26	582.91	1	50080
1	784.47	582.33	1	50084
1	783.47	582.83	1	50088
1	784.55	581.71	1	50092
1	784.97	579.59	1	50096
1	785.62	578.81	1	50100
1	786.58	580.08	1	50104
1	787.05	580.23	1	50108
1	789.28	579.53	1	50112
1	786.66	579.22	1	50116
1	787.53	579.71	1	50120
1	786.2	580.06	1	50124
1	785.86	579.04	1	50128
1	786.93	578.25	1	50132
1	785.86	578.73	1	50136
1	785.91	578.8	1	50140
1	785.56	580.1	1	50144
1	785.83	579.93	1	50148
1	785.6	580	1	50152
1	784.37	579.55	1	50156
1	785.56	580.04	1	50160
1	785.33	580.1	1	50164
1	786.37	580.06	1	50168
1	786.97	579.26	1	50172
1	787.03	580.46	1	50176
1	787.28	581.31	1	50180
1	790.36	579.5	1	50184
1	788.21	580.44	1	50188
1	788.06	579.99	1	50192
1	787.66	580.87	1	50196
1	789.18	583.05	1	50200
1	787.56	585.39	1	50204
1	786.71	585.63	1	50208
1	787.09	585.16	1	50212
1	785.82	585.08	1	50216
1	787.26	584.88	1	50220
1	785.54	583.49	1	50224
1	786.6	584.9	1	50228
1	786.55	586.77	1	50232
1	786.98	587.03	1	50236
1	786.19	586.11	1	50240
1	785.49	585.54	1	50244
1	785.98	584.04	1	50248
1	787.4	581.91	1	50252
1	783.39	582.72	1	50256
1	784.64	582.05	1	50260
1	783.3	583.54	1	50264
1	783.91	582.08	1	50268
1	781.71	581.61	1	50272
1	781.78	581.08	1	50276
1	783.66	580.11	1	50280
1	783.21	580.76	1	50284
1	783.24	580.97	1	50288
1	783.2	580.88	1	50292
1	783.49	581.63	1	50296
1	782.88	582.29	1	50300
1	784.39	582.89	1	50304
1	784.66	580.41	1	50308
1	784.48	582.12	1	50312
1	786.4	582.52	1	50316
1	787.29	583.66	1	50320
1	786.37	584.62	1	50324
1	786.35	584.98	1	50328
1	786.9	584.97	1	50332
1	785.7	584.11	1	50336
1	784.31	584.5	1	50340
1	785.27	582.65	1	50344
1	784.4	582.33	1	50348
1	783.59	584.78	1	50352
1	784.68	586.16	1	50356
1	783.84	586.13	1	50360
1	783.51	586.41	1	50364
1	783.77	586.99	1	50368
1	782.9	585.91	1	50372
1	783.44	586.51	1	50376
1	785.17	585.41	1	50380
1	785.56	586.86	1	50384
1	786.72	587.91	1	50388
1	788.94	587.74	1	50392
1	790.04	586.78	1	50396
1	789.2	586.47	1	50400
1	788.74	585.76	1	50404
1	787.6	585.85	1	50408
1	788.48	586.13	1	50412
1	790.95	587.89	1	50416
1	791.16	587.4	1	50420
1	791.01	587.69	1	50424
1	792.46	587.99	1	50428
1	793.62	587.01	1	50432
1	792.14	588.17	1	50436
1	791.97	588.85	1	50440
1	792.21	588.44	1	50444
1	792.04	588.19	1	50448
1	794.17	587.79	1	50452
1	794.32	586.19	1	50456
1	794.79	584.31	1	50460
1	791.98	586.53	1	50464
1	795.47	586.46	1	50468
1	795.22	585.79	1	50472
1	793.16	588.03	1	50476
1	793.11	588.11	1	50480
1	794.62	588.39	1	50484
1	0	0	0	50488
1	794.96	587.31	1	50492
1	794.92	588.33	1	50496
1	796.78	588.79	1	50500
1	793.84	587.43	1	50504
1	795.28	590.03	1	50508
1	794.44	590.11	1	50512
1	794.33	589.91	1	50516
1	794.67	589.17	1	50520
1	794.83	588.54	1	50524
1	796.06	588.67	1	50528
1	797.11	586.74	1	50532
1	795.24	587.29	1	50536
1	794.6	584.69	1	50540
1	795.98	584.39	1	50544
1	795.45	586.36	1	50548
1	794.03	585.97	1	50552
1	795.59	584.69	1	50556
1	795.87	584.44	1	50560
1	795.01	583.27	1	50564
1	795.73	584.31	1	50568
1	797.27	585.52	1	50572
1	795.32	585.85	1	50576
1	796.14	587.17	1	50580
1	796.01	589.97	1	50584
1	796.14	594.09	1	50588
1	796.64	599.08	1	50592
1	797.18	606.84	1	50596
1	798.02	606.55	1	50600
1	797.52	612.06	1	50604
1	798.07	613.79	1	50608
1	799.52	614.53	1	50612
1	797.91	617.09	1	50616
1	798.67	618.94	1	50620
1	799.85	618.87	1	50624
1	799.36	620.29	1	50628
1	799.7	621.77	1	50632
1	799.51	621.13	1	50636
1	800.39	621.08	1	50640
1	801.57	619.89	1	50644
1	800.61	618.11	1	50648
1	802.41	618.85	1	50652
1	802.98	619.02	1	50656
1	803.68	619.03	1	50660
1	804.08	618.57	1	50664
1	803.71	620.68	1	50668
1	803.79	621.51	1	50672
1	805.36	620.84	1	50676
1	807.1	621.3	1	50680
1	805.64	620.02	1	50684
1	805	620.38	1	50688
1	806.5	621.72	1	50692
1	806.45	621.19	1	50696
1	805.64	620.52	1	50700
1	805.4	620.26	1	50704
1	804.02	619.58	1	50708
1	804.69	618.52	1	50712
1	802.78	617.6	1	50716
1	803.01	616.26	1	50720
1	802.2	616.76	1	50724
1	803.01	616.43	1	50728
1	803.28	617.28	1	50732
1	802.47	618.55	1	50736
1	802.84	618.66	1	50740
1	801.54	621.56	1	50744
1	800.45	622.8	1	50748
1	801.43	623.82	1	50752
1	799.8	625.51	1	50756
1	799.64	625.63	1	50760
1	797.67	627.47	1	50764
1	797.11	624.95	1	50768
1	796.19	627.52	1	50772
1	796.07	626.88	1	50776
1	795.33	625.32	1	50780
1	795.33	625.57	1	50784
1	796.53	626.63	1	50788
1	796.72	622.94	1	50792
1	796.71	621.12	1	50796
1	796.78	621.79	1	50800
1	797.69	622.15	1	50804
1	799.16	622.75	1	50808
1	799.35	623.58	1	50812
1	799.95	623.42	1	50816
1	799.46	622.87	1	50820
1	800	620.95	1	50824
1	799.96	622.67	1	50828
1	799.63	620.37	1	50832
1	800.54	620.37	1	50836
1	799.74	622.07	1	50840
1	801.24	621.98	1	50844
1	800.33	622.02	1	50848
1	799.74	621.16	1	50852
1	800.6	620.48	1	50856
1	800.55	621.6	1	50860
1	800.91	618.41	1	50864
1	799.81	619.28	1	50868
1	798.99	619.93	1	50872
1	800.98	620.02	1	50876
1	799.37	620.85	1	50880
1	801.17	621.46	1	50884
1	800.5	621.5	1	50888
1	799.28	620.46	1	50892
1	795.1	620.19	1	50896
1	781.68	621.15	1	50900
1	758.41	619.32	1	50904
1	758.71	617.08	1	50908
1	748.71	618.27	1	50912
1	739.54	613.28	1	50916
1	731.29	615.67	1	50920
1	737.04	613.34	1	50924
1	731.31	611.65	1	50928
1	731.92	610.5	1	50932
1	731.06	608.82	1	50936
1	730.19	608.98	1	50940
1	727.49	608.13	1	50944
1	729.93	603.93	1	50948
1	729.42	605.19	1	50952
1	726.83	603.83	1	50956
1	726.7	604.42	1	50960
1	727.61	603.5	1	50964
1	726.05	603.14	1	50968
1	726.02	604.58	1	50972
1	727.53	603.45	1	50976
1	726.87	603.24	1	50980
1	727.15	602.04	1	50984
1	726.6	600.8	1	50988
1	725.15	601.24	1	50992
1	724.22	601.44	1	50996
1	724.42	603.27	1	51000
1	725.35	603.27	1	51004
1	726.17	601.72	1	51008
1	729.8	602.65	1	51012
1	728.75	602.52	1	51016
1	727.82	603.62	1	51020
1	726.54	603.6	1	51024
1	728.21	603.04	1	51028
1	730.03	602.24	1	51032
1	730.84	603.69	1	51036
1	731.09	602.49	1	51040
1	729.33	602.54	1	51044
1	731.14	602.47	1	51048
1	730.96	602.81	1	51052
1	730.32	602.46	1	51056
1	728.14	602.55	1	51060
1	729.62	603.51	1	51064
1	729.83	604.07	1	51068
1	729.61	604.6	1	51072
1	730.72	606.2	1	51076
1	733.34	606.51	1	51080
1	779.23	608.1	1	51084
1	849.46	608.04	1	51088
1	897.97	610.04	1	51092
1	922.54	610.76	1	51096
1	933.99	611.91	1	51100
1	937.46	610.63	1	51104
1	940.13	609.54	1	51108
1	945.85	608.02	1	51112
1	949.27	608.76	1	51116
1	950.98	609.57	1	51120
1	948.52	610.29	1	51124
1	952.69	609.39	1	51128
1	951.45	611.35	1	51132
1	953.83	610.08	1	51136
1	956.16	609.97	1	51140
1	958.68	610.44	1	51144
1	958.87	610.98	1	51148
1	956.43	612.97	1	51152
1	959.52	613.55	1	51156
1	957.97	614.51	1	51160
1	958.75	614.57	1	51164
1	960.28	612.87	1	51168
1	962.85	614.97	1	51172
1	961.87	613.97	1	51176
1	963.5	612.34	1	51180
1	963.29	614.14	1	51184
1	962.61	614.06	1	51188
1	961.95	615.1	1	51192
1	959.79	613.88	1	51196
1	961.85	615.58	1	51200
1	962.23	615.24	1	51204
1	959.89	613.78	1	51208
1	958.85	617.25	1	51212
1	958.94	616.07	1	51216
1	957.8	618.34	1	51220
1	957.68	618.63	1	51224
1	958.52	619.23	1	51228
1	957.77	620.03	1	51232
1	959.56	619.44	1	51236
1	960.02	620.52	1	51240
1	961.58	618.85	1	51244
1	961.16	619.32	1	51248
1	963.67	620.01	1	51252
1	964.29	619.69	1	51256
1	965.19	617.29	1	51260
1	965.6	617.23	1	51264
1	965.83	616.14	1	51268
1	965.99	617.42	1	51272
1	966.76	616.32	1	51276
1	965.68	616.43	1	51280
1	964.84	616.7	1	51284
1	965.25	619.43	1	51288
1	964.89	618.74	1	51292
1	964.31	621.27	1	51296
1	964.15	619.54	1	51300
1	964.6	621.27	1	51304
1	962.69	622.46	1	51308
1	964.71	623.41	1	51312
1	963.4	622.57	1	51316
1	963.76	623.04	1	51320
1	966.2	623.02	1	51324
1	967.79	622.69	1	51328
1	963.31	622.57	1	51332
1	962.8	623.54	1	51336
1	961.56	621.78	1	51340
1	962.68	621.26	1	51344
1	963.56	621.39	1	51348
1	965.14	620.33	1	51352
1	963.33	620.27	1	51356
1	963.97	620.23	1	51360
1	963.6	619.95	1	51364
1	962.47	620.01	1	51368
1	962.22	620.4	1	51372
1	964.76	620.28	1	51376
1	965.07	619.52	1	51380
1	973.45	619.03	1	51384
1	1013.69	617.58	1	51388
1	1008.85	618.06	1	51392
1	1020.05	617.77	1	51396
1	1031.43	618.57	1	51400
1	1037.39	619.28	1	51404
1	1039.3	620.13	1	51408
1	1043.75	618.01	1	51412
1	1046.62	617.77	1	51416
1	1048.9	617.53	1	51420
1	1050.39	618.11	1	51424
1	1053.75	616.03	1	51428
1	1055.96	618.2	1	51432
1	1057	618.03	1	51436
1	1057.48	618.17	1	51440
1	1057.46	619.54	1	51444
1	1059.67	617.64	1	51448
1	1058.87	619.14	1	51452
1	1060.03	619.01	1	51456
1	1058.98	620.28	1	51460
1	1058.85	619.01	1	51464
1	1058.36	619.5	1	51468
1	1057.87	619.78	1	51472
1	1058.03	619.22	1	51476
1	1057.48	618.8	1	51480
1	1056.66	618.07	1	51484
1	1059.23	617.73	1	51488
1	1058.84	617.28	1	51492
1	1059.6	617.35	1	51496
1	1060.29	616.84	1	51500
1	1059.99	616.22	1	51504
1	1059.66	617.36	1	51508
1	1060.87	618.03	1	51512
1	1061.51	619.18	1	51516
1	1060.66	619.35	1	51520
1	1061.98	620.4	1	51524
1	1062.24	621.09	1	51528
1	1060.54	621.7	1	51532
1	1060.65	622.85	1	51536
1	1060.36	623.8	1	51540
1	1057.6	624.36	1	51544
1	1057.45	625.55	1	51548
1	1059.14	626.3	1	51552
1	1060.26	627.06	1	51556
1	1071.16	627.32	1	51560
1	1115.02	627.75	1	51564
1	1163.88	627.03	1	51568
1	1155.54	628.82	1	51572
1	1166.47	625.42	1	51576
1	1184.15	626.22	1	51580
1	1188.27	624.24	1	51584
1	1194.54	623.35	1	51588
1	1194.24	623.71	1	51592
1	1192.64	619.28	1	51596
1	1192.19	616.39	1	51600
1	1195.3	613.16	1	51604
1	1202.34	614.72	1	51608
1	1203.64	613.98	1	51612
1	1204.81	613.03	1	51616
1	1205.65	611.71	1	51620
1	1207.92	612.81	1	51624
1	1207.89	612.22	1	51628
1	1207.61	612.54	1	51632
1	1209.04	611.57	1	51636
1	1210.36	612.01	1	51640
1	1210.92	612.57	1	51644
1	1210.34	614.88	1	51648
1	1208.69	615.19	1	51652
1	1209.07	616.19	1	51656
1	1209.1	616.54	1	51660
1	1208.48	618.32	1	51664
1	1207.1	617.53	1	51668
1	1206.65	618.18	1	51672
1	1206.28	618.34	1	51676
1	1206.85	618.2	1	51680
1	1205.24	619.18	1	51684
1	1205.27	618.98	1	51688
1	1205.72	618.69	1	51692
1	1211.84	606.15	1	51696
1	1204.76	617.15	1	51700
1	1204.16	617.49	1	51704
1	1203.63	617.95	1	51708
1	1203.09	615.61	1	51712
1	1202.78	616.87	1	51716
1	1202.7	615.27	1	51720
1	1201.92	614.14	1	51724
1	1201.93	615.84	1	51728
1	1200.29	618.58	1	51732
1	1199.15	618.24	1	51736
1	1199.03	620.17	1	51740
1	1198.48	618.87	1	51744
1	1197.41	619.22	1	51748
1	1196.47	617.23	1	51752
1	1197.36	618.71	1	51756
1	1197.31	618.41	1	51760
1	1197.83	620.83	1	51764
1	1197.08	619.72	1	51768
1	1198.09	621.15	1	51772
1	1200.09	618.61	1	51776
1	1200.38	616.9	1	51780
1	1201.42	617.8	1	51784
1	1202.87	619.37	1	51788
1	1205.12	619.64	1	51792
1	1204.32	620.9	1	51796
1	1204.17	620.79	1	51800
1	1203.77	618.04	1	51804
1	1204.48	617.59	1	51808
1	1205.43	616.94	1	51812
1	1204.13	616	1	51816
1	1204.39	617.23	1	51820
1	1203.49	619.88	1	51824
1	1202.1	619.26	1	51828
1	1200.34	620.14	1	51832
1	1199.16	618.4	1	51836
1	1199.83	618.08	1	51840
1	1200.69	619.26	1	51844
1	1201.25	620.32	1	51848
1	1201.89	620.15	1	51852
1	1210.54	619.78	1	51856
1	1241.14	622.85	1	51860
1	1248.69	621.68	1	51864
1	1257.76	620.63	1	51868
1	1260.6	621.9	1	51872
1	1260.51	621.97	1	51876
1	1270.01	621.96	1	51880
1	1267.05	622.67	1	51884
1	1267.67	620.82	1	51888
1	1271.65	621.62	1	51892
1	1271.42	623.97	1	51896
1	1273.67	624.57	1	51900
1	1274.23	622.73	1	51904
1	1276	622.78	1	51908
1	1276.57	622.58	1	51912
1	1277.59	621.34	1	51916
1	1278.91	621.12	1	51920
1	1279.27	620.2	1	51924
1	1278.99	619.25	1	51928
1	1279.04	618.92	1	51932
1	1278.46	618.9	1	51936
1	1281.08	618.45	1	51940
1	1279.78	617.62	1	51944
1	1280.53	616.61	1	51948
1	1281.44	616.74	1	51952
1	1280.96	617.82	1	51956
1	1281.44	618.51	1	51960
1	1279.51	618.45	1	51964
1	1280.47	618.18	1	51968
1	1282.16	619.92	1	51972
1	1280.86	620.24	1	51976
1	1282	619.2	1	51980
1	1280.26	617.23	1	51984
1	1281.51	617.64	1	51988
1	1280.88	619.3	1	51992
1	1281.15	619.74	1	51996
1	1279.49	618.17	1	52000
1	1280.9	617.85	1	52004
1	1282.95	616.7	1	52008
1	1281.81	616.7	1	52012
1	1280.66	615.83	1	52016
1	1280.98	617.61	1	52020
1	1279.3	621.51	1	52024
1	1279.85	621.07	1	52028
1	1279.52	619.74	1	52032
1	1280.37	619.34	1	52036
1	1280.47	623.65	1	52040
1	1281.65	622.43	1	52044
1	1281.34	621.88	1	52048
1	1280.92	625.65	1	52052
1	1280.33	624.6	1	52056
1	1280.32	624.58	1	52060
1	1279.62	624.3	1	52064
1	1280.88	623.05	1	52068
1	1281.07	621.7	1	52072
1	1281.96	621.28	1	52076
1	1280.81	623.58	1	52080
1	1282.14	623.37	1	52084
1	1282.23	623.69	1	52088
1	1281.72	623.62	1	52092
1	1280.88	621.16	1	52096
1	1278.71	620.39	1	52100
1	1246.03	618.9	1	52104
1	1183.05	620.06	1	52108
1	1146.38	624.17	1	52112
1	1085.81	628.28	1	52116
1	1062.72	629.32	1	52120
1	1047.33	636.75	1	52124
1	1036.56	641.34	1	52128
1	1023.15	641.99	1	52132
1	1001.26	643.49	1	52136
1	1004.16	649.53	1	52140
1	1006.02	652.02	1	52144
1	1001.68	652.13	1	52148
1	1000.67	653.45	1	52152
1	999.97	655.01	1	52156
1	996.17	658.02	1	52160
1	993.84	659.25	1	52164
1	995.25	660.69	1	52168
1	993.92	660.1	1	52172
1	992.89	661.45	1	52176
1	992.66	661.86	1	52180
1	991.2	662.35	1	52184
1	990.49	662.33	1	52188
1	990.56	663.28	1	52192
1	989.8	663.98	1	52196
1	990.28	664.41	1	52200
1	992.36	663.13	1	52204
1	991.71	663.2	1	52208
1	989.82	662.4	1	52212
1	987.41	663.57	1	52216
1	986.99	664.24	1	52220
1	988.96	664.7	1	52224
1	988.66	664.82	1	52228
1	989.09	664.14	1	52232
1	989.84	664.55	1	52236
1	990.46	664.06	1	52240
1	989.72	664.93	1	52244
1	988.3	665.21	1	52248
1	986.85	665.99	1	52252
1	988.11	665.88	1	52256
1	988.75	664.58	1	52260
1	987.18	662.43	1	52264
1	985.8	662.6	1	52268
1	985.57	662.99	1	52272
1	984.7	664.67	1	52276
1	983.33	665.5	1	52280
1	983.26	665.22	1	52284
1	982.5	665.55	1	52288
1	982.86	666.42	1	52292
1	985.08	665.93	1	52296
1	985.27	665.04	1	52300
1	984.4	664.92	1	52304
1	985.23	666.75	1	52308
1	986.2	667.28	1	52312
1	986.24	667.95	1	52316
1	985.75	667.87	1	52320
1	981.08	666.08	1	52324
1	947.51	660.52	1	52328
1	933.68	654.57	1	52332
1	925.31	641.56	1	52336
1	929.7	634	1	52340
1	924.67	629.74	1	52344
1	923.84	625.2	1	52348
1	922.72	621.28	1	52352
1	925.29	620.95	1	52356
1	921.53	618.13	1	52360
1	922.68	619.44	1	52364
1	919.93	618.12	1	52368
1	920.19	617.68	1	52372
1	920.26	616.9	1	52376
1	920.02	617.69	1	52380
1	920.49	619.72	1	52384
1	919.34	620.61	1	52388
1	917.95	620.95	1	52392
1	917.91	621.51	1	52396
1	916.49	622.41	1	52400
1	916.86	621.58	1	52404
1	916.2	622.46	1	52408
1	915.33	622.71	1	52412
1	914.81	623.17	1	52416
1	915.04	624.04	1	52420
1	916.62	622.6	1	52424
1	916.61	622.38	1	52428
1	918.33	621.24	1	52432
1	919.49	621.39	1	52436
1	921.68	621.79	1	52440
1	921.13	620.91	1	52444
1	922.87	622.03	1	52448
1	924.13	621.5	1	52452
1	923.22	621.29	1	52456
1	923.33	619.91	1	52460
1	924.41	620.75	1	52464
1	924.04	619.48	1	52468
1	921.66	619.08	1	52472
1	920.2	620.35	1	52476
1	918.53	619.28	1	52480
1	918.41	618.88	1	52484
1	918.49	619.25	1	52488
1	917.12	618.11	1	52492
1	916.71	618.62	1	52496
1	915.77	615.99	1	52500
1	915.44	616.77	1	52504
1	915.42	616.82	1	52508
1	914.51	617.29	1	52512
1	913.76	617.14	1	52516
1	914.3	616.9	1	52520
1	914.68	615.75	1	52524
1	914.23	615.79	1	52528
1	912.86	615.14	1	52532
1	914.12	615.06	1	52536
1	914.27	614.17	1	52540
1	915.48	614.97	1	52544
1	914.49	615.17	1	52548
1	914.29	615.49	1	52552
1	915.22	615.99	1	52556
1	916.05	615.7	1	52560
1	916.58	615.66	1	52564
1	916.93	615.83	1	52568
1	918.7	615.2	1	52572
1	919.73	616.68	1	52576
1	919.04	616.97	1	52580
1	923.79	617.28	1	52584
1	949.51	618.68	1	52588
1	998.78	619.27	1	52592
1	1022.25	621.22	1	52596
1	1035.99	619.35	1	52600
1	1041.37	620.35	1	52604
1	1047.11	620.23	1	52608
1	1049.62	620.6	1	52612
1	1046.32	620.33	1	52616
1	1048.96	620.06	1	52620
1	1052.07	618.87	1	52624
1	1049.93	619.43	1	52628
1	1056.32	617.81	1	52632
1	1056.47	616.96	1	52636
1	1057.83	616	1	52640
1	1059.78	616.18	1	52644
1	1058.85	616.54	1	52648
1	1061.84	616.69	1	52652
1	1061.72	617.14	1	52656
1	1062.94	617.38	1	52660
1	1064.54	617.66	1	52664
1	1065.51	616.69	1	52668
1	1066.35	616.83	1	52672
1	1064.8	616.59	1	52676
1	1064.42	619.19	1	52680
1	1064.23	617.1	1	52684
1	1063.97	616.62	1	52688
1	1064.77	619.13	1	52692
1	1064.51	620.14	1	52696
1	1063.92	621.02	1	52700
1	1062.91	620.55	1	52704
1	1063.16	619.83	1	52708
1	1061.57	619.37	1	52712
1	1061.67	620.95	1	52716
1	1061.98	619.56	1	52720
1	1061.42	620.07	1	52724
1	1060.3	620.28	1	52728
1	1059.82	620.99	1	52732
1	1060.69	619.32	1	52736
1	1059.44	619.38	1	52740
1	1057.9	619.24	1	52744
1	1058.87	618.92	1	52748
1	1058.93	620.11	1	52752
1	1059.67	620.33	1	52756
1	1059.84	621.33	1	52760
1	1059.26	621.47	1	52764
1	1059.51	621.57	1	52768
1	1061.52	621.54	1	52772
1	1062.65	621	1	52776
1	1063.13	621.28	1	52780
1	1062.97	619.94	1	52784
1	1065.55	618.61	1	52788
1	1065.89	620.29	1	52792
1	1066.71	624.79	1	52796
1	1066.26	629.86	1	52800
1	1064.75	649.66	1	52804
1	1063.41	665.91	1	52808
1	1062.82	674.11	1	52812
1	1062.78	676.46	1	52816
1	1063.41	675.22	1	52820
1	1062.16	677.49	1	52824
1	1060.8	683.38	1	52828
1	1061.36	681.89	1	52832
1	1060.32	683.26	1	52836
1	1058.96	685.12	1	52840
1	1060.33	686.33	1	52844
1	1061.48	686.89	1	52848
1	1061.86	687.37	1	52852
1	1062.89	687.38	1	52856
1	1060.66	687.56	1	52860
1	1059.88	688.26	1	52864
1	1059.25	690.38	1	52868
1	1059.59	688.61	1	52872
1	1057.73	690.03	1	52876
1	1055.9	688.24	1	52880
1	1057.95	690.4	1	52884
1	1057.76	690.78	1	52888
1	1057.07	691.25	1	52892
1	1057.27	692.37	1	52896
1	1056.47	691.72	1	52900
1	1057.17	691.26	1	52904
1	1057.14	692.07	1	52908
1	1057.59	691.3	1	52912
1	1056.87	691.88	1	52916
1	1057.12	692.12	1	52920
1	1058.54	694.64	1	52924
1	1058	694.12	1	52928
1	1057.83	694.28	1	52932
1	1055.72	694.1	1	52936
1	1055.15	692.92	1	52940
1	1055.07	694.42	1	52944
1	1053.29	695.51	1	52948
1	1054.51	695.91	1	52952
1	1053.07	697.2	1	52956
1	1054.65	696.06	1	52960
1	1052.94	695.87	1	52964
1	1052.82	694.42	1	52968
1	1053.95	694.11	1	52972
1	1052.86	693.7	1	52976
1	1053.23	695.61	1	52980
1	1053.36	694.64	1	52984
1	1054.11	694.49	1	52988
1	1055.24	695.15	1	52992
1	1054.47	694.68	1	52996
1	1056.27	693.79	1	53000
1	1056.51	693.32	1	53004
1	1058.15	694.7	1	53008
1	1056.91	693.56	1	53012
1	1056.86	695.1	1	53016
1	1058.47	694.67	1	53020
1	1058.66	695.11	1	53024
1	1060.05	692.63	1	53028
1	1058.68	693.36	1	53032
1	1058.44	693.32	1	53036
1	1058.58	691.63	1	53040
1	1061.11	692.35	1	53044
1	1066.09	690.85	1	53048
1	1076.05	689.63	1	53052
1	1092.39	690.1	1	53056
1	1119.95	689.21	1	53060
1	1123.13	691.06	1	53064
1	1136.52	692.23	1	53068
1	1132.08	692.93	1	53072
1	1139.23	694.56	1	53076
1	1137.21	693.89	1	53080
1	1134.77	695.92	1	53084
1	1139.53	692.99	1	53088
1	1139.38	694.13	1	53092
1	1141.57	696.18	1	53096
1	1142.55	694.24	1	53100
1	1142.45	693.64	1	53104
1	1142.65	692.19	1	53108
1	1142.32	690.83	1	53112
1	1143.97	689.66	1	53116
1	1141.21	688.25	1	53120
1	1140.81	689.39	1	53124
1	1141.84	689.14	1	53128
1	1141.38	687.42	1	53132
1	1141.87	688.4	1	53136
1	1144.66	687.28	1	53140
1	1141.64	688.09	1	53144
1	1142.86	688.5	1	53148
1	1144.6	690.51	1	53152
1	1145.36	690.98	1	53156
1	1145.11	691.73	1	53160
1	1146.39	691.93	1	53164
1	1148.01	690.54	1	53168
1	1147.93	689.94	1	53172
1	1147	690.96	1	53176
1	1146.48	688.52	1	53180
1	1145.32	688.4	1	53184
1	1144.03	687.22	1	53188
1	1144.07	687.73	1	53192
1	1143.17	686.97	1	53196
1	1143.19	687.35	1	53200
1	1141.99	686.4	1	53204
1	1139.69	685.13	1	53208
1	1140.19	686.14	1	53212
1	1139.76	686.52	1	53216
1	1139.33	686.39	1	53220
1	1137.73	686.79	1	53224
1	1138.61	688.61	1	53228
1	1138.71	688.55	1	53232
1	1137.44	688.29	1	53236
1	1138.85	688.71	1	53240
1	1138.23	686.93	1	53244
1	1136.99	687.56	1	53248
1	1137.81	686.83	1	53252
1	1137.24	685.69	1	53256
1	1139.22	685.51	1	53260
1	1136.82	686.81	1	53264
1	1138.54	685.59	1	53268
1	1141.8	685.97	1	53272
1	1139.86	686.7	1	53276
1	1141.06	684.2	1	53280
1	1142.28	687.06	1	53284
1	1142.4	681.48	1	53288
1	1144.04	682.57	1	53292
1	1145.49	684.11	1	53296
1	1146.14	681.36	1	53300
1	1146.35	680.41	1	53304
1	1149.3	679.55	1	53308
1	1150.67	677	1	53312
1	1150.2	676.5	1	53316
1	1150.33	679.14	1	53320
1	1150.53	683.65	1	53324
1	1150.88	676.46	1	53328
1	1151.77	678.58	1	53332
1	1150.97	679.37	1	53336
1	1150.18	682.33	1	53340
1	1151.23	680.69	1	53344
1	1149.84	682.53	1	53348
1	1148.71	684.53	1	53352
1	1146.06	688.28	1	53356
1	1145.19	688.27	1	53360
1	1145.48	687.29	1	53364
1	1144.9	685.35	1	53368
1	1145.17	688.06	1	53372
1	1143.78	686.5	1	53376
1	1147.29	686.55	1	53380
1	1153.96	687.22	1	53384
1	1163.56	690.12	1	53388
1	1174.06	690.32	1	53392
1	1167.38	686.55	1	53396
1	1177.03	689.14	1	53400
1	1178.43	688.67	1	53404
1	1181.16	688.38	1	53408
1	1184.45	689.62	1	53412
1	1185.33	688.7	1	53416
1	1187.66	690.76	1	53420
1	1190.39	692.97	1	53424
1	1191.81	692.39	1	53428
1	1190.72	691.89	1	53432
1	1190.32	690.76	1	53436
1	1191.58	692.7	1	53440
1	1191.68	691.56	1	53444
1	1190.3	691.94	1	53448
1	1192.66	693.96	1	53452
1	1192.3	694.92	1	53456
1	1193.19	694.58	1	53460
1	1195.94	696.35	1	53464
1	1194.75	692.24	1	53468
1	1194.39	693.39	1	53472
1	1195.53	693.71	1	53476
1	1194.35	693.23	1	53480
1	1193.9	693.77	1	53484
1	1193.83	695	1	53488
1	1194.55	695.32	1	53492
1	1195.15	694	1	53496
1	1192.58	693.51	1	53500
1	1193.6	693.59	1	53504
1	1192.24	693.99	1	53508
1	1191.5	695.56	1	53512
1	1187.91	695.77	1	53516
1	1181.56	695.84	1	53520
1	1122.82	695.65	1	53524
1	1066.8	693.8	1	53528
1	1018.8	692.51	1	53532
1	993.1	690.27	1	53536
1	942.73	684.83	1	53540
1	911.94	680.58	1	53544
1	883.68	677.23	1	53548
1	858.13	676.34	1	53552
1	841.84	674.82	1	53556
1	822.02	674.48	1	53560
1	815.01	671.58	1	53564
1	814.97	670.87	1	53568
1	811.12	670.34	1	53572
1	815.04	669.79	1	53576
1	808.84	669	1	53580
1	807.11	670.05	1	53584
1	809.48	670.75	1	53588
1	809.35	672.31	1	53592
1	808.17	672.28	1	53596
1	807.57	673.24	1	53600
1	807.38	672.12	1	53604
1	805.9	672.32	1	53608
1	807.29	672.75	1	53612
1	806.87	672.44	1	53616
1	804.87	672	1	53620
1	805.78	672.77	1	53624
1	807.29	671.26	1	53628
1	805.12	671.18	1	53632
1	804.98	671.55	1	53636
1	804.85	672.13	1	53640
1	804.4	671.61	1	53644
1	803.44	673.17	1	53648
1	804.01	673.48	1	53652
1	804.36	672.29	1	53656
1	804.59	673.36	1	53660
1	804.96	674.01	1	53664
1	804.15	672.92	1	53668
1	805	674.13	1	53672
1	805.55	674.51	1	53676
1	804.91	675.17	1	53680
1	802.72	674.47	1	53684
1	802.36	674.68	1	53688
1	801.93	673.46	1	53692
1	800.1	675.69	1	53696
1	800.78	676.1	1	53700
1	801.47	675.77	1	53704
1	801.35	677.62	1	53708
1	798.7	679.67	1	53712
1	799.26	679.8	1	53716
1	799.82	679.9	1	53720
1	800	680.45	1	53724
1	802.21	680.35	1	53728
1	802.54	681.26	1	53732
1	803.69	680.79	1	53736
1	801.4	680.63	1	53740
1	789.09	681.64	1	53744
1	783.25	680.59	1	53748
1	777.9	680.86	1	53752
1	772.23	680.22	1	53756
1	772.96	678.97	1	53760
1	764.06	681.6	1	53764
1	766.18	682.21	1	53768
1	758.74	682.16	1	53772
1	759.68	682.38	1	53776
1	755.66	683.61	1	53780
1	754.43	683.61	1	53784
1	751.49	683.85	1	53788
1	751.18	683.55	1	53792
1	749.75	684.28	1	53796
1	750.74	682.75	1	53800
1	748.53	684.02	1	53804
1	747.94	683.98	1	53808
1	747.31	683.21	1	53812
1	746.81	682.07	1	53816
1	745.9	682.58	1	53820
1	744.55	681.88	1	53824
1	743.65	682.5	1	53828
1	745.82	681.87	1	53832
1	745.33	682.56	1	53836
1	744.81	681.77	1	53840
1	746.18	682.44	1	53844
1	747.63	681.81	1	53848
1	745.41	682	1	53852
1	746.53	680.66	1	53856
1	745.85	681.77	1	53860
1	745.21	681.36	1	53864
1	747.31	681.17	1	53868
1	748.53	680.05	1	53872
1	746.28	680.59	1	53876
1	748.5	680.3	1	53880
1	747.87	679.28	1	53884
1	748.56	679.99	1	53888
1	747.49	680.6	1	53892
1	748.87	680.03	1	53896
1	748.32	682.3	1	53900
1	747.56	680.18	1	53904
1	748.05	680.06	1	53908
1	746.15	681.93	1	53912
1	746.15	682.71	1	53916
1	744.75	683.73	1	53920
1	746.49	682.76	1	53924
1	752.76	683.1	1	53928
1	763.14	681.97	1	53932
1	781.87	681.26	1	53936
1	791.08	679.73	1	53940
1	800.45	679.93	1	53944
1	798.52	678.86	1	53948
1	799.14	678.27	1	53952
1	803.02	678.29	1	53956
1	802.02	677.7	1	53960
1	805.34	676.86	1	53964
1	807.35	675.96	1	53968
1	809.15	677.31	1	53972
1	810.39	676.61	1	53976
1	808.99	676.95	1	53980
1	807.19	678.55	1	53984
1	805.37	677.84	1	53988
1	807.49	678.31	1	53992
1	808.15	677.76	1	53996
1	807.4	679.4	1	54000
1	808.93	678.31	1	54004
1	808.87	676.29	1	54008
1	807.45	676.17	1	54012
1	807.93	676.12	1	54016
1	808.05	675.82	1	54020
1	809.24	678.68	1	54024
1	810.53	677.28	1	54028
1	813.07	676.95	1	54032
1	814.05	676.79	1	54036
1	813.92	676.4	1	54040
1	814.07	676.51	1	54044
1	813.18	676.33	1	54048
1	813.09	678.11	1	54052
1	813.15	678.35	1	54056
1	813.89	680.34	1	54060
1	815.38	680.34	1	54064
1	815.4	679.1	1	54068
1	815.68	679.06	1	54072
1	815.97	680.45	1	54076
1	815.12	680.87	1	54080
1	814.34	682.94	1	54084
1	815.76	681.67	1	54088
1	816.44	681.52	1	54092
1	817.34	681.42	1	54096
1	817.35	680.77	1	54100
1	817.25	679.21	1	54104
1	815.5	681.26	1	54108
1	814.9	680.87	1	54112
1	814.21	682.19	1	54116
1	813.11	683.44	1	54120
1	811.64	683.07	1	54124
1	812.64	684.03	1	54128
1	810.75	682.78	1	54132
1	809.9	683.96	1	54136
1	807.96	685.2	1	54140
1	807.05	687.08	1	54144
1	807.67	687.47	1	54148
1	808.45	686.2	1	54152
1	807.61	687.5	1	54156
1	811.04	686.81	1	54160
1	835.28	684.6	1	54164
1	895.78	683.25	1	54168
1	923.71	682.42	1	54172
1	925.03	681.96	1	54176
1	926.85	678.87	1	54180
1	934.35	677.6	1	54184
1	942.25	676.78	1	54188
1	947.59	674.77	1	54192
1	945.8	676.46	1	54196
1	942.98	675.59	1	54200
1	947.87	674.63	1	54204
1	948.58	675.62	1	54208
1	949.12	675.72	1	54212
1	951.71	675.22	1	54216
1	952.36	674.38	1	54220
1	953.85	674.78	1	54224
1	953.56	676.3	1	54228
1	953.19	675.8	1	54232
1	953.91	677.04	1	54236
1	953.03	675.5	1	54240
1	954.6	675.67	1	54244
1	953.55	677.52	1	54248
1	952.86	680.03	1	54252
1	953.4	678.9	1	54256
1	952.59	680.81	1	54260
1	952.92	676.93	1	54264
1	952.74	676.94	1	54268
1	950.57	680.15	1	54272
1	950.26	680.89	1	54276
1	948.83	679.98	1	54280
1	949.05	676.54	1	54284
1	947.8	676.86	1	54288
1	946.96	677.06	1	54292
1	946.24	676.61	1	54296
1	946.69	678.96	1	54300
1	945.54	677.34	1	54304
1	946.02	679.83	1	54308
1	946.02	679.04	1	54312
1	947.02	680.09	1	54316
1	948.37	680.6	1	54320
1	946.89	682.16	1	54324
1	946.92	681.9	1	54328
1	946.57	684.5	1	54332
1	946.74	683.57	1	54336
1	947.51	685.56	1	54340
1	945.08	682.54	1	54344
1	945.4	683.47	1	54348
1	945.69	685.56	1	54352
1	943.09	687.39	1	54356
1	944.42	686.45	1	54360
1	942.87	686.03	1	54364
1	945.62	686.13	1	54368
1	949.22	685.88	1	54372
1	946.38	686.95	1	54376
1	948.28	689.15	1	54380
1	947.67	688.4	1	54384
1	949.28	686.77	1	54388
1	952.24	686.74	1	54392
1	951.49	687.79	1	54396
1	952.49	687.65	1	54400
1	951.14	688.31	1	54404
1	952.39	687.69	1	54408
1	952.36	684.63	1	54412
1	951.61	679.93	1	54416
1	953.67	681.99	1	54420
1	954.41	679.73	1	54424
1	953.26	676.97	1	54428
1	955.75	673.85	1	54432
1	954.85	678.78	1	54436
1	956.72	672.08	1	54440
1	953.65	678.2	1	54444
1	956.6	673.66	1	54448
1	956.76	669.86	1	54452
1	957.1	669.45	1	54456
1	956.51	669.46	1	54460
1	955.05	668.63	1	54464
1	955.68	666.78	1	54468
1	956.84	667.94	1	54472
1	954.96	667.63	1	54476
1	956.07	667.8	1	54480
1	954.35	670.88	1	54484
1	956.42	666.87	1	54488
1	954.99	667.76	1	54492
1	954.84	665.21	1	54496
1	954.35	666.44	1	54500
1	954.94	669.07	1	54504
1	954.96	667.65	1	54508
1	954.18	671.72	1	54512
1	955.04	669.11	1	54516
1	953.26	670.2	1	54520
1	953.23	673.44	1	54524
1	952.59	670.87	1	54528
1	952	669.88	1	54532
1	951.13	672.77	1	54536
1	951.45	669.64	1	54540
1	949.94	674.45	1	54544
1	949.26	677.82	1	54548
1	948.15	679.32	1	54552
1	947.57	675.99	1	54556
1	945.61	672.21	1	54560
1	945.61	678.96	1	54564
1	944.71	679.16	1	54568
1	944.33	680.36	1	54572
1	944.97	682.5	1	54576
1	947.73	684.01	1	54580
1	946.68	684.06	1	54584
1	948.72	685.04	1	54588
1	947.25	685.15	1	54592
1	946.81	683.7	1	54596
1	950.29	684.77	1	54600
1	950.87	682.73	1	54604
1	951.3	686.16	1	54608
1	950.86	685.8	1	54612
1	951.4	688.09	1	54616
1	949.39	684.7	1	54620
1	948.44	685.32	1	54624
1	948.55	685.91	1	54628
1	947.63	685	1	54632
1	949.04	684.95	1	54636
1	948.6	684.26	1	54640
1	948.84	685.71	1	54644
1	947.92	685.01	1	54648
1	947.64	682.74	1	54652
1	946.62	682.14	1	54656
1	946.23	680.82	1	54660
1	946.22	681.18	1	54664
1	945.87	680.24	1	54668
1	944.14	678.76	1	54672
1	944.03	677.95	1	54676
1	944	679.15	1	54680
1	944.48	680.64	1	54684
1	943.93	679.28	1	54688
1	942.99	681.16	1	54692
1	943.69	682.9	1	54696
1	944.01	683.84	1	54700
1	944.59	685.4	1	54704
1	944.73	685.3	1	54708
1	945.63	686.32	1	54712
1	944.98	685.81	1	54716
1	946.85	687.35	1	54720
1	946.39	687.41	1	54724
1	945.25	686.32	1	54728
1	944.67	686.13	1	54732
1	945.08	686.71	1	54736
1	945.18	685.88	1	54740
1	944.05	685.29	1	54744
1	943.83	684.9	1	54748
1	943.29	684.91	1	54752
1	942.67	685.22	1	54756
1	942.8	685.99	1	54760
1	942.11	684.9	1	54764
1	942.02	684.07	1	54768
1	941.67	682.49	1	54772
1	942.6	682.81	1	54776
1	942.4	681.15	1	54780
1	942.03	682.32	1	54784
1	933.36	684.55	1	54788
1	884.65	686.92	1	54792
1	836.55	693.23	1	54796
1	798.38	697.6	1	54800
1	792.14	704.15	1	54804
1	790.75	706.7	1	54808
1	783.69	710.59	1	54812
1	780.93	717.34	1	54816
1	778.52	715.75	1	54820
1	778.95	718.63	1	54824
1	780.21	719.32	1	54828
1	778.71	721.47	1	54832
1	776.67	722.47	1	54836
1	774.44	725.32	1	54840
1	774.14	726.12	1	54844
1	773.66	720.63	1	54848
1	772.77	725.9	1	54852
1	772.87	725.97	1	54856
1	773.43	723.19	1	54860
1	774.14	723.87	1	54864
1	773.25	727.29	1	54868
1	772.63	726.69	1	54872
1	773.2	721.43	1	54876
1	772.69	725.48	1	54880
1	772.81	722.7	1	54884
1	772.53	729.12	1	54888
1	772.3	728.23	1	54892
1	771.85	728.53	1	54896
1	771.49	721.91	1	54900
1	770.89	730.85	1	54904
1	772.33	726.13	1	54908
1	770.6	728.03	1	54912
1	771.51	724.8	1	54916
1	770.15	724.99	1	54920
1	770.47	730.45	1	54924
1	771.01	734.84	1	54928
1	770.98	732.81	1	54932
1	770.93	728.2	1	54936
1	770.36	731.71	1	54940
1	770.16	735.64	1	54944
1	769.88	732.55	1	54948
1	769.07	732.96	1	54952
1	769.57	731.8	1	54956
1	769.27	724.72	1	54960
1	769.96	727.19	1	54964
1	769.1	727.24	1	54968
1	768.45	730.51	1	54972
1	767.97	723.48	1	54976
1	768.56	727.36	1	54980
1	769.73	726.09	1	54984
1	768.59	719.53	1	54988
1	768.37	713.65	1	54992
1	768.3	723.5	1	54996
1	768.08	722.74	1	55000
1	768.49	726.81	1	55004
1	768.67	729.19	1	55008
1	769.72	726.99	1	55012
1	769.52	728.13	1	55016
1	770.35	719.73	1	55020
1	770.26	729.99	1	55024
1	771.53	729.89	1	55028
1	770.67	728.9	1	55032
1	772.44	723.96	1	55036
1	771.62	730.36	1	55040
1	770.97	729.48	1	55044
1	770.21	731.69	1	55048
1	770.22	722.75	1	55052
1	771.11	727.16	1	55056
1	769.66	728.13	1	55060
1	770.33	730	1	55064
1	769.48	728.73	1	55068
1	777.43	726.82	1	55072
1	847.52	725.72	1	55076
1	905.63	722.13	1	55080
1	941.28	716.96	1	55084
1	967.23	714.62	1	55088
1	993.41	713.91	1	55092
1	1014	713.1	1	55096
1	1031.47	715.23	1	55100
1	1049.66	716.55	1	55104
1	1057.39	714.26	1	55108
1	1063.42	713.05	1	55112
1	1072.66	715.17	1	55116
1	1075.94	714.6	1	55120
1	1072.47	716.27	1	55124
1	1076.09	717.83	1	55128
1	1076.35	718.81	1	55132
1	1078.6	718.78	1	55136
1	1080.37	718.4	1	55140
1	1082.71	716.79	1	55144
1	1084.17	714.69	1	55148
1	1084.88	712.47	1	55152
1	1084.64	711.29	1	55156
1	1084.91	707.8	1	55160
1	1084.88	706.23	1	55164
1	1086.05	705.39	1	55168
1	1088.3	702.74	1	55172
1	1087.44	701.56	1	55176
1	1088.36	700.36	1	55180
1	1089.31	697.92	1	55184
1	1090.35	696.47	1	55188
1	1090.82	695.1	1	55192
1	1092.3	694.5	1	55196
1	1093.93	694.11	1	55200
1	1093.68	694.41	1	55204
1	1093.82	694.23	1	55208
1	1094.48	692.65	1	55212
1	1093.03	693.21	1	55216
1	1094.48	693.09	1	55220
1	1096.29	693.66	1	55224
1	1096.35	693.79	1	55228
1	1096.42	694.36	1	55232
1	1095.68	694.53	1	55236
1	1096.82	694.71	1	55240
1	1098.29	695.32	1	55244
1	1097.83	694.21	1	55248
1	1098.62	694.33	1	55252
1	1099.73	694.85	1	55256
1	1100.87	693.43	1	55260
1	1101.08	693.78	1	55264
1	1100.53	693.61	1	55268
1	1101.52	694.36	1	55272
1	1100.21	694.53	1	55276
1	1102	695.41	1	55280
1	1101.13	694.65	1	55284
1	1101.82	695.59	1	55288
1	1102.76	695.83	1	55292
1	1102.12	694.74	1	55296
1	1102.82	695.46	1	55300
1	1103.94	696.5	1	55304
1	1102.49	695.85	1	55308
1	1104.91	696.02	1	55312
1	1103.64	695.44	1	55316
1	1103.05	696.03	1	55320
1	1102.37	697.85	1	55324
1	1102.9	696.47	1	55328
1	1101.43	695.47	1	55332
1	1100.96	695.97	1	55336
1	1099.69	696.95	1	55340
1	1099.02	698.29	1	55344
1	1097.88	699.03	1	55348
1	1097.73	699.43	1	55352
1	1095.89	699.73	1	55356
1	1094.73	699.95	1	55360
1	1094.34	700.16	1	55364
1	1094.39	698.74	1	55368
1	1094.28	700.25	1	55372
1	1095.2	699.43	1	55376
1	1094.82	700.33	1	55380
1	1094.92	700.52	1	55384
1	1094.88	699.41	1	55388
1	1094.63	699.29	1	55392
1	1094.27	700.09	1	55396
1	1094.13	699.83	1	55400
1	1095.15	703.65	1	55404
1	1093.84	701.58	1	55408
1	1092.81	704.87	1	55412
1	1095.2	704	1	55416
1	1104.94	704.51	1	55420
1	1104.3	718.75	1	55424
1	1080	1010.73	0	55428
1	0	0	0	55432
1	0	0	0	55436
1	0	0	0	55440
1	0	0	0	55444
1	0	0	0	55448
1	0	0	0	55452
1	0	0	0	55456
1	0	0	0	55460
1	0	0	0	55464
1	0	0	0	55468
1	0	0	0	55472
1	0	0	0	55476
1	0	0	0	55480
1	0	0	0	55484
1	0	0	0	55488
1	0	0	0	55492
1	1068.35	1054.9	0	55496
1	0	0	0	55500
1	1057.86	933.66	0	55504
1	1071.4	867.09	0	55508
1	1091.01	872.4	0	55512
1	1125.58	709.66	1	55516
1	1141.97	702.77	1	55520
1	1148	677.8	1	55524
1	1137.87	706.71	1	55528
1	1154.21	698.43	1	55532
1	1163.01	698.14	1	55536
1	1167.79	691.19	1	55540
1	1168.57	675.46	1	55544
1	1175.52	664.59	1	55548
1	1172.7	663.93	1	55552
1	1170.25	668.34	1	55556
1	1174.68	671.57	1	55560
1	1175.22	677.15	1	55564
1	1178.18	677.36	1	55568
1	1178.33	681.93	1	55572
1	1176.96	678.78	1	55576
1	1177.64	685.06	1	55580
1	1177.2	687.15	1	55584
1	1179.21	692.3	1	55588
1	1176.31	692.86	1	55592
1	1176.47	699.06	1	55596
1	1178.08	698.17	1	55600
1	1176.52	702.19	1	55604
1	1177.27	707.73	1	55608
1	1176.09	709.64	1	55612
1	1175.46	709.5	1	55616
1	1177.48	708.94	1	55620
1	1176.82	710.37	1	55624
1	1177.16	709.81	1	55628
1	1176.35	710.42	1	55632
1	1175.44	710.34	1	55636
1	1176.22	694.79	1	55640
1	1174.99	718.59	1	55644
1	1152.78	912.55	0	55648
1	1080.46	1008.81	0	55652
1	0	0	0	55656
1	0	0	0	55660
1	0	0	0	55664
1	0	0	0	55668
1	0	0	0	55672
1	0	0	0	55676
1	0	0	0	55680
1	0	0	0	55684
1	0	0	0	55688
1	0	0	0	55692
1	0	0	0	55696
1	0	0	0	55700
1	0	0	0	55704
1	0	0	0	55708
1	0	0	0	55712
1	0	0	0	55716
1	0	0	0	55720
1	0	0	0	55724
1	0	0	0	55728
1	0	0	0	55732
1	0	0	0	55736
1	0	0	0	55740
1	0	0	0	55744
1	0	0	0	55748
1	0	0	0	55752
1	0	0	0	55756
1	0	0	0	55760
1	0	0	0	55764
1	0	0	0	55768
1	0	0	0	55772
1	0	0	0	55776
1	0	0	0	55780
1	0	0	0	55784
1	0	0	0	55788
1	0	0	0	55792
1	0	0	0	55796
1	0	0	0	55800
1	0	0	0	55804
1	0	0	0	55808
1	0	0	0	55812
1	0	0	0	55816
1	0	0	0	55820
1	0	0	0	55824
1	0	0	0	55828
1	0	0	0	55832
1	0	0	0	55836
1	0	0	0	55840
1	0	0	0	55844
1	0	0	0	55848
1	0	0	0	55852
1	1116.54	715.03	0	55856
1	1089.13	726.05	0	55860
1	0	0	0	55864
1	1088.8	695.61	0	55868
1	1098.15	683.19	0	55872
1	1094.29	679.81	0	55876
1	1091.67	665.71	0	55880
1	1089.94	660.91	0	55884
1	1084.33	696.17	1	55888
1	1082.66	695.84	1	55892
1	1083.92	689.99	1	55896
1	1084.91	691.69	1	55900
1	1082.78	692.4	1	55904
1	1084.36	691.09	1	55908
1	1081.99	692.03	1	55912
1	1080.43	691.22	1	55916
1	1079.39	695.52	1	55920
1	1078.43	698.67	1	55924
1	1076.76	698.07	1	55928
1	1076.63	699.09	1	55932
1	1077.08	702.97	1	55936
1	1075.42	700.07	1	55940
1	1075.67	701.32	1	55944
1	1077.01	705.96	1	55948
1	1076.99	710.64	1	55952
1	1078.97	714.33	1	55956
1	1080.59	723.05	1	55960
1	1083.21	721.78	1	55964
1	1083.69	724.82	1	55968
1	1086.92	728.01	1	55972
1	1087.96	729.63	1	55976
1	1089.9	732.47	1	55980
1	1091.03	733.53	1	55984
1	1090.64	738.17	1	55988
1	1091.94	738.07	1	55992
1	1092.3	738.42	1	55996
1	1092.17	739.85	1	56000
1	1090.33	740.15	1	56004
1	1089.92	740.16	1	56008
1	1089.51	742.68	1	56012
1	1090.32	746	1	56016
1	1092.07	750.57	1	56020
1	1100.73	755.52	1	56024
1	1133.15	758.53	1	56028
1	1117.32	760.71	1	56032
1	1110.14	760.92	1	56036
1	1118.06	765.29	1	56040
1	1122.94	768.36	1	56044
1	1124.01	767.02	1	56048
1	1125.01	772.26	1	56052
1	1125.74	773.16	1	56056
1	1126.15	776.05	1	56060
1	1129.32	778.1	1	56064
1	1129.17	775.7	1	56068
1	1127.35	773.16	1	56072
1	1127.67	776.52	1	56076
1	1128.64	777.31	1	56080
1	1127.48	779.14	1	56084
1	1127.85	779.74	1	56088
1	1128.03	778.99	1	56092
1	1128.31	780.24	1	56096
1	1129.53	780.01	1	56100
1	1130.3	780.02	1	56104
1	1129.76	778.98	1	56108
1	1130	780.34	1	56112
1	1130.47	779.49	1	56116
1	1130.06	778.83	1	56120
1	1129.15	778.09	1	56124
1	1129.36	774.24	1	56128
1	1130.12	774.47	1	56132
1	1130.71	773.91	1	56136
1	1130.14	772.84	1	56140
1	1130.95	771.03	1	56144
1	1132.28	771.19	1	56148
1	1132.63	770.55	1	56152
1	1131.7	770.24	1	56156
1	1132.2	770.62	1	56160
1	1132.39	770.39	1	56164
1	1132.25	770.03	1	56168
1	1132.14	770.58	1	56172
1	1130.63	771.03	1	56176
1	1129.29	770.92	1	56180
1	1126.05	769.27	1	56184
1	1128.35	772.59	1	56188
1	1127.78	771.46	1	56192
1	1124.14	773	1	56196
1	1127.91	773.77	1	56200
1	1125.71	773.81	1	56204
1	1125.26	775.3	1	56208
1	1126.8	777.18	1	56212
1	1124.49	775.52	1	56216
1	1125.45	778.15	1	56220
1	1124.67	778.92	1	56224
1	1124.09	780.15	1	56228
1	1125.21	779.6	1	56232
1	1128.11	780.19	1	56236
1	1147.03	780.65	1	56240
1	1183.23	781.12	1	56244
1	1194.6	782.71	1	56248
1	1190.63	781.43	1	56252
1	1191.85	779.92	1	56256
1	1191.97	782.01	1	56260
1	1193.84	781.02	1	56264
1	1196.1	780.97	1	56268
1	1196.4	780.92	1	56272
1	1196.82	779.24	1	56276
1	1199.33	778.44	1	56280
1	1199.57	775.34	1	56284
1	1199.19	775.15	1	56288
1	1198.05	772.86	1	56292
1	1196.86	772.08	1	56296
1	1198.78	773.35	1	56300
1	1197.96	772.88	1	56304
1	1198.8	773.25	1	56308
1	1197.55	771.15	1	56312
1	1196.4	771.16	1	56316
1	1195.23	770.75	1	56320
1	1193.26	771.27	1	56324
1	1192.35	773.04	1	56328
1	1193.14	773.01	1	56332
1	1190.19	775.6	1	56336
1	1191.55	775.95	1	56340
1	1189.49	775.43	1	56344
1	1188.96	775.27	1	56348
1	1188.81	776.2	1	56352
1	1187.66	776.8	1	56356
1	1186.57	778.18	1	56360
1	1185.87	778.48	1	56364
1	1186.65	778.71	1	56368
1	1186.16	777.47	1	56372
1	1186.81	777.34	1	56376
1	1186.67	777.45	1	56380
1	1186.96	778.17	1	56384
1	1187.43	782.23	1	56388
1	1187.04	780.06	1	56392
1	1185.61	780.19	1	56396
1	1184.45	781.59	1	56400
1	1184.34	783.61	1	56404
1	1184.02	783.85	1	56408
1	1184.02	783.4	1	56412
1	1183.83	785.01	1	56416
1	1184.21	786.36	1	56420
1	1189.17	785.84	1	56424
1	1183.57	783.54	1	56428
1	1183.65	780.5	1	56432
1	1183.37	782.38	1	56436
1	1184.23	778.59	1	56440
1	1185.48	780.63	1	56444
1	1188.83	780.17	1	56448
1	1189.7	777.17	1	56452
1	1188.16	776.95	1	56456
1	1188.86	776.27	1	56460
1	1187.96	775.48	1	56464
1	1186.81	773.98	1	56468
1	1187.69	775.3	1	56472
1	1186.82	775.71	1	56476
1	1175.29	775.84	1	56480
1	1100.65	776.58	1	56484
1	1034.31	777.21	1	56488
1	989.4	775.39	1	56492
1	943.12	774.58	1	56496
1	887.98	772.33	1	56500
1	868.34	768.14	1	56504
1	847.59	764.1	1	56508
1	816.99	762.59	1	56512
1	789.3	759.43	1	56516
1	782.18	760.38	1	56520
1	780.22	761.4	1	56524
1	779.63	759.25	1	56528
1	780.39	757.5	1	56532
1	778.15	757.21	1	56536
1	777.83	753.77	1	56540
1	778.83	756.53	1	56544
1	779.83	754.91	1	56548
1	781.33	754.2	1	56552
1	777.6	754.68	1	56556
1	776.85	754.86	1	56560
1	777.51	753.32	1	56564
1	776.38	752.18	1	56568
1	775.84	750.97	1	56572
1	775.39	753.41	1	56576
1	776.71	752.6	1	56580
1	775.73	752.31	1	56584
1	777.12	753.62	1	56588
1	775.05	753.14	1	56592
1	773.31	753.63	1	56596
1	774.44	752.56	1	56600
1	774.58	754.39	1	56604
1	774.3	752.01	1	56608
1	774.2	753.33	1	56612
1	774.12	752.76	1	56616
1	774.92	752.32	1	56620
1	774.39	751.98	1	56624
1	774.14	752.87	1	56628
1	775.26	751	1	56632
1	774.21	750.22	1	56636
1	774.14	750.5	1	56640
1	774.61	751.09	1	56644
1	774.04	748.67	1	56648
1	776.92	748.49	1	56652
1	775.78	748.26	1	56656
1	775.06	748.83	1	56660
1	775.53	749.86	1	56664
1	775.64	750.48	1	56668
1	775.72	749.09	1	56672
1	775.86	748.33	1	56676
1	775.35	751.99	1	56680
1	775.73	750.3	1	56684
1	775.65	752.42	1	56688
1	775.35	754.49	1	56692
1	774.6	753.78	1	56696
1	772.88	746.37	1	56700
1	774.34	754.36	1	56704
1	775.02	753.2	1	56708
1	773.7	749.14	1	56712
1	773.96	749.86	1	56716
1	774.31	752.38	1	56720
1	774.12	747.76	1	56724
1	773.61	748.53	1	56728
1	773.1	750.06	1	56732
1	773.44	750.53	1	56736
1	772.7	749.13	1	56740
1	773.12	748.09	1	56744
1	773.02	746.61	1	56748
1	770.09	746.11	1	56752
1	770.56	748.1	1	56756
1	770.3	748.36	1	56760
1	770.25	749.72	1	56764
1	769.77	749.77	1	56768
1	771.35	750.84	1	56772
1	769.66	749.35	1	56776
1	771.05	751.06	1	56780
1	769.69	750.13	1	56784
1	770.52	754.02	1	56788
1	770.81	753.21	1	56792
1	772.52	754.22	1	56796
1	772.78	754.27	1	56800
1	773.89	755.38	1	56804
1	774.13	755.79	1	56808
1	773.91	755.27	1	56812
1	773.42	754.62	1	56816
1	773.93	755.32	1	56820
1	772.94	755.21	1	56824
1	772.78	756.99	1	56828
1	773.52	757.62	1	56832
1	773.05	757.66	1	56836
1	772.78	757.88	1	56840
1	771.7	759.46	1	56844
1	770.04	759.52	1	56848
1	769.41	762.25	1	56852
1	769.89	762.79	1	56856
1	769.96	762.62	1	56860
1	779.11	763.38	1	56864
1	823.55	765.06	1	56868
1	858.47	766.91	1	56872
1	893.38	767.37	1	56876
1	896.3	766.57	1	56880
1	917.27	768.11	1	56884
1	920.36	768.4	1	56888
1	932.05	769.73	1	56892
1	934.04	770.36	1	56896
1	933.23	769.84	1	56900
1	937.08	770.49	1	56904
1	941.19	771.09	1	56908
1	939.61	773.29	1	56912
1	942.44	772.87	1	56916
1	943.31	772.47	1	56920
1	943	774.92	1	56924
1	944.02	775.5	1	56928
1	944.35	776.71	1	56932
1	943.94	776.9	1	56936
1	945.11	778.2	1	56940
1	944.87	779.19	1	56944
1	944.36	778.22	1	56948
1	945.17	779.45	1	56952
1	946.03	781.36	1	56956
1	944.77	780.55	1	56960
1	946.19	781.97	1	56964
1	949.38	781.09	1	56968
1	951	780.51	1	56972
1	951.67	780.6	1	56976
1	953.68	779.77	1	56980
1	952.91	780.52	1	56984
1	953.82	782.14	1	56988
1	953.84	780.79	1	56992
1	954.09	783.2	1	56996
1	954.22	780.12	1	57000
1	955.06	779.57	1	57004
1	954.83	778.26	1	57008
1	952.81	777.52	1	57012
1	951.56	780.09	1	57016
1	951.27	780.64	1	57020
1	950.75	781.17	1	57024
1	949.89	780.27	1	57028
1	950.6	779.54	1	57032
1	951.75	780.06	1	57036
1	951.22	780.72	1	57040
1	949.43	783.86	1	57044
1	949.31	784.87	1	57048
1	949.15	785.81	1	57052
1	949.04	788.31	1	57056
1	949.77	789.48	1	57060
1	948.91	789.23	1	57064
1	949.01	788.5	1	57068
1	953.11	824.34	1	57072
1	0	0	0	57076
1	0	0	0	57080
1	0	0	0	57084
1	0	0	0	57088
1	0	0	0	57092
1	0	0	0	57096
1	0	0	0	57100
1	0	0	0	57104
1	0	0	0	57108
1	0	0	0	57112
1	0	0	0	57116
1	0	0	0	57120
1	0	0	0	57124
1	0	0	0	57128
1	0	0	0	57132
1	0	0	0	57136
1	0	0	0	57140
1	0	0	0	57144
1	0	0	0	57148
1	0	0	0	57152
1	0	0	0	57156
1	0	0	0	57160
1	0	0	0	57164
1	0	0	0	57168
1	0	0	0	57172
1	0	0	0	57176
1	0	0	0	57180
1	0	0	0	57184
1	0	0	0	57188
1	0	0	0	57192
1	0	0	0	57196
1	0	0	0	57200
1	0	0	0	57204
1	0	0	0	57208
1	996.69	1083.33	0	57212
1	0	0	0	57216
1	0	0	0	57220
1	0	0	0	57224
1	0	0	0	57228
1	0	0	0	57232
1	0	0	0	57236
1	0	0	0	57240
1	0	0	0	57244
1	0	0	0	57248
1	0	0	0	57252
1	0	0	0	57256
1	0	0	0	57260
1	0	0	0	57264
1	0	0	0	57268
1	1094.87	788.69	1	57272
1	1079.27	742.73	1	57276
1	1079.29	743.56	1	57280
1	1081.06	736.51	1	57284
1	1082.35	723.83	1	57288
1	1078.02	704.84	1	57292
1	1078.45	699.58	1	57296
1	1078.55	693.47	1	57300
1	1072.55	687.71	1	57304
1	1076.34	685.9	1	57308
1	1076.8	682.19	1	57312
1	1072.91	689.78	1	57316
1	1067.31	697.69	1	57320
1	1062.99	699.71	1	57324
1	1061.85	702.33	1	57328
1	1058.58	706	1	57332
1	1057.61	706.34	1	57336
1	1062.74	709.52	1	57340
1	1057.66	712.85	1	57344
1	1057.49	714.39	1	57348
1	1055.67	727.85	1	57352
1	1055.82	723.31	1	57356
1	1057.82	730.27	1	57360
1	1059.91	734.53	1	57364
1	1060.24	739.44	1	57368
1	1060.33	739.06	1	57372
1	1060.43	741.11	1	57376
1	1060.17	746.12	1	57380
1	1059.41	748.35	1	57384
1	1058.98	746.69	1	57388
1	1058.86	751.94	1	57392
1	1059.38	752.37	1	57396
1	1053.36	756.12	1	57400
1	1029.7	758.31	1	57404
1	1011.83	761.81	1	57408
1	997.47	760.03	1	57412
1	988.87	761.4	1	57416
1	982.14	762.3	1	57420
1	981.9	763.37	1	57424
1	980.25	766.45	1	57428
1	979.01	765.86	1	57432
1	981.07	765.69	1	57436
1	979.08	766.23	1	57440
1	977.07	767.89	1	57444
1	976.92	769.91	1	57448
1	975.12	766.74	1	57452
1	975.76	766.19	1	57456
1	977.54	766.09	1	57460
1	977.53	765.47	1	57464
1	977.99	766.64	1	57468
1	977.21	771.05	1	57472
1	977.47	769.01	1	57476
1	974.58	766.52	1	57480
1	975.15	768.37	1	57484
1	974.7	768.81	1	57488
1	974.34	771.72	1	57492
1	974.44	773.14	1	57496
1	974.2	772.23	1	57500
1	973.19	774.85	1	57504
1	972.13	777.46	1	57508
1	970.84	778.26	1	57512
1	970.02	776.9	1	57516
1	971.38	778.45	1	57520
1	971.74	779.78	1	57524
1	972.57	781.18	1	57528
1	970.66	782.19	1	57532
1	970.47	781.69	1	57536
1	970.26	780.75	1	57540
1	970.81	783	1	57544
1	971.26	783.32	1	57548
1	969.99	783.32	1	57552
1	972.26	782.65	1	57556
1	972.99	783.91	1	57560
1	974.18	784.34	1	57564
1	972.64	783.99	1	57568
1	972.24	783.31	1	57572
1	972.62	782.99	1	57576
1	972.78	784	1	57580
1	975.16	785.46	1	57584
1	975.47	783.44	1	57588
1	975.09	784.15	1	57592
1	975.9	783.93	1	57596
1	977.03	784.2	1	57600
1	977.26	782.34	1	57604
1	975.51	783.09	1	57608
1	977.36	782.91	1	57612
1	976.71	783.06	1	57616
1	976.97	783.87	1	57620
1	976.23	784.6	1	57624
1	976.16	782.52	1	57628
1	975.45	782.93	1	57632
1	977.96	783.23	1	57636
1	983.78	783.76	1	57640
1	1041.77	783.77	1	57644
1	1081.93	783.54	1	57648
1	1096.14	782.12	1	57652
1	1108.37	781.93	1	57656
1	1114.88	780.23	1	57660
1	1119.48	778.75	1	57664
1	1125.79	778.13	1	57668
1	1121.78	777.95	1	57672
1	1120.93	777.13	1	57676
1	1124.75	776.52	1	57680
1	1123.25	775.42	1	57684
1	1123.76	774.51	1	57688
1	1127.1	774	1	57692
1	1127.46	774.21	1	57696
1	1129.31	773.41	1	57700
1	1129.54	772.89	1	57704
1	1128.68	772.18	1	57708
1	1128.39	772.16	1	57712
1	1127.98	771.3	1	57716
1	1127.01	771.37	1	57720
1	1127.3	770.49	1	57724
1	1126.14	771.22	1	57728
1	1128.28	771.05	1	57732
1	1127.57	770.8	1	57736
1	1129.31	769.12	1	57740
1	1127.37	770.46	1	57744
1	1126.52	770.47	1	57748
1	1128.69	770.66	1	57752
1	1127.93	769.91	1	57756
1	1129.68	771.53	1	57760
1	1130.32	770.01	1	57764
1	1130.6	770.96	1	57768
1	1130.6	770.63	1	57772
1	1128.12	771.03	1	57776
1	1128.28	771.6	1	57780
1	1126.73	772.49	1	57784
1	1127.14	770.54	1	57788
1	1127.09	771.12	1	57792
1	1126.6	768.52	1	57796
1	1126.87	769.22	1	57800
1	1126.27	769.49	1	57804
1	1126.98	769.44	1	57808
1	1127.23	766.57	1	57812
1	1127.66	767.79	1	57816
1	1128.37	767.41	1	57820
1	1128.44	766.97	1	57824
1	1129.08	766.42	1	57828
1	1129.66	768.33	1	57832
1	1129.28	766.19	1	57836
1	1129.58	768.28	1	57840
1	1128.28	768.89	1	57844
1	1128.09	770.76	1	57848
1	1128.09	771.45	1	57852
1	1128.15	776.46	1	57856
1	1129.03	775.75	1	57860
1	1128.94	774.88	1	57864
1	1127.1	773.89	1	57868
1	1126.98	777.14	1	57872
1	1127.25	775.68	1	57876
1	1124.93	776.45	1	57880
1	1124.6	777.55	1	57884
1	1123.83	777.82	1	57888
1	1124.28	778.54	1	57892
1	1125.11	775.2	1	57896
1	1124.77	774.55	1	57900
1	1126.52	773.69	1	57904
1	1126.81	772.75	1	57908
1	1127.84	772.16	1	57912
1	1129.22	772.65	1	57916
1	1128.61	770.86	1	57920
1	1128.49	770.27	1	57924
1	1129.7	771.05	1	57928
1	1129.96	770.22	1	57932
1	1130.46	769.53	1	57936
1	1132.44	773.1	1	57940
1	1132.43	770.36	1	57944
1	1131.26	773.4	1	57948
1	1130.46	774.95	1	57952
1	1130.17	777.7	1	57956
1	1130.35	775.17	1	57960
1	1130.16	777.24	1	57964
1	1130.81	776.26	1	57968
1	1130.05	775.33	1	57972
1	1130.15	777.84	1	57976
1	1129.23	773.97	1	57980
1	1129.11	774.07	1	57984
1	1128.68	775.78	1	57988
1	1129.5	774.61	1	57992
1	1129.83	773.87	1	57996
1	1131.01	770.48	1	58000
1	1131.79	771.39	1	58004
1	1130.36	772.96	1	58008
1	1129.93	770.39	1	58012
1	1130.5	769.33	1	58016
1	1132.63	768.34	1	58020
1	1133.4	767.58	1	58024
1	1133.27	768.44	1	58028
1	1134.15	767.6	1	58032
1	1134.99	767.28	1	58036
1	1135.2	767.85	1	58040
1	1134.36	770.49	1	58044
1	1132.85	771.11	1	58048
1	1133.91	773.65	1	58052
1	1131.95	773.99	1	58056
1	1129.39	771.36	1	58060
1	1150.27	798.18	1	58064
1	0	0	0	58068
1	0	0	0	58072
1	0	0	0	58076
1	0	0	0	58080
1	0	0	0	58084
1	0	0	0	58088
1	0	0	0	58092
1	0	0	0	58096
1	0	0	0	58100
1	0	0	0	58104
1	0	0	0	58108
1	0	0	0	58112
1	0	0	0	58116
1	0	0	0	58120
1	0	0	0	58124
1	0	0	0	58128
1	0	0	0	58132
1	0	0	0	58136
1	0	0	0	58140
1	0	0	0	58144
1	0	0	0	58148
1	0	0	0	58152
1	0	0	0	58156
1	0	0	0	58160
1	0	0	0	58164
1	0	0	0	58168
1	0	0	0	58172
1	0	0	0	58176
1	0	0	0	58180
1	0	0	0	58184
1	0	0	0	58188
1	0	0	0	58192
1	0	0	0	58196
1	0	0	0	58200
1	0	0	0	58204
1	0	0	0	58208
1	0	0	0	58212
1	0	0	0	58216
1	0	0	0	58220
1	0	0	0	58224
1	0	0	0	58228
1	0	0	0	58232
1	0	0	0	58236
1	0	0	0	58240
1	0	0	0	58244
1	0	0	0	58248
1	0	0	0	58252
1	0	0	0	58256
1	0	0	0	58260
1	0	0	0	58264
1	0	0	0	58268
1	0	0	0	58272
1	0	0	0	58276
1	0	0	0	58280
1	0	0	0	58284
1	0	0	0	58288
1	0	0	0	58292
1	0	0	0	58296
1	0	0	0	58300
1	0	0	0	58304
1	0	0	0	58308
1	0	0	0	58312
1	1177.04	802.54	1	58316
1	1183.13	788.57	1	58320
1	1195.62	791.31	1	58324
1	1213	682.2	1	58328
1	1214.33	776.93	1	58332
1	1211.79	770.87	1	58336
1	1215.5	746.97	1	58340
1	1211.41	748.18	1	58344
1	1204.42	751.5	1	58348
1	1206.42	750.98	1	58352
1	1209.11	734.85	1	58356
1	1209.66	750.86	1	58360
1	1209.07	725.28	1	58364
1	0	0	0	58368
1	1210.91	712.5	1	58372
1	1212.94	717.77	1	58376
1	1204.95	721.4	1	58380
1	1212.59	719.77	1	58384
1	1207.66	721.03	1	58388
1	1207.41	727.55	1	58392
1	1208.16	727.38	1	58396
1	1208.19	728.92	1	58400
1	1208.49	732.24	1	58404
1	1208.6	732.35	1	58408
1	1208.67	738.92	1	58412
1	1208.59	738.5	1	58416
1	1206.68	741.59	1	58420
1	1206.5	747.87	1	58424
1	1207.15	733.07	1	58428
1	1206.85	755.8	1	58432
1	1207.18	738.11	1	58436
1	1207.44	754.58	1	58440
1	1206.95	757.49	1	58444
1	1209.13	759.91	1	58448
1	1208.08	760.74	1	58452
1	1208.28	761.1	1	58456
1	1207.38	761.68	1	58460
1	1208.09	763.18	1	58464
1	1209.13	763.04	1	58468
1	1211.26	736.84	1	58472
1	1213.17	733.18	1	58476
1	1213.49	764.24	1	58480
1	1212.19	764.77	1	58484
1	1214.79	765.96	1	58488
1	1213.15	766.9	1	58492
1	1215.11	765.35	1	58496
1	1215.86	765.65	1	58500
1	1218.11	763.02	1	58504
1	1218.6	763.73	1	58508
1	1218.57	763.9	1	58512
1	1217.97	765.39	1	58516
1	1218.6	763.81	1	58520
1	1218.3	766.16	1	58524
1	1219.67	765.67	1	58528
1	1221.39	764.67	1	58532
1	1222.52	761.54	1	58536
1	1220.82	761.41	1	58540
1	1215.48	761.34	1	58544
1	1199.71	762.74	1	58548
1	1189.3	760.47	1	58552
1	1181.2	761.02	1	58556
1	1182.3	758.98	1	58560
1	1175.57	759.71	1	58564
1	1173.71	759.8	1	58568
1	1174.82	760.18	1	58572
1	1169.55	760.38	1	58576
1	1171.39	760.85	1	58580
1	1170.01	761.59	1	58584
1	1168.51	761.25	1	58588
1	1169.74	758.85	1	58592
1	1167.73	762.35	1	58596
1	1168.97	764.37	1	58600
1	1169.39	766.55	1	58604
1	1169.94	766.27	1	58608
1	1169.25	765.28	1	58612
1	1167.06	766.73	1	58616
1	1167.99	765.37	1	58620
1	1166.15	765.92	1	58624
1	1166.35	766.25	1	58628
1	1165.17	765.93	1	58632
1	1163.85	768.29	1	58636
1	1164.56	769	1	58640
1	1165.67	767.57	1	58644
1	1160.4	767.58	1	58648
1	1162.65	765.06	1	58652
1	1162.32	765.23	1	58656
1	1163.7	765.18	1	58660
1	1163.11	765.57	1	58664
1	1164.2	763.83	1	58668
1	1165.44	764.93	1	58672
1	1165.66	759.94	1	58676
1	1165.81	759.25	1	58680
1	1166.35	760.37	1	58684
1	1166.68	761.86	1	58688
1	1168.55	761.03	1	58692
1	1170.17	757.98	1	58696
1	1171.07	758.83	1	58700
1	1168.2	759.17	1	58704
1	1169.33	758.37	1	58708
1	1167.44	759.44	1	58712
1	1167.45	759.04	1	58716
1	1166.16	762.16	1	58720
1	1167.97	745.88	1	58724
1	1168.61	743.43	1	58728
1	1168.57	731.4	1	58732
1	1170.3	736.88	1	58736
1	1169.56	761.92	1	58740
1	1170.75	736.52	1	58744
1	1170.72	757.14	1	58748
1	1169.81	757.55	1	58752
1	1171.34	756.02	1	58756
1	1172.39	757.94	1	58760
1	1169.5	756.97	1	58764
1	1170.86	757.54	1	58768
1	1165.57	757.18	1	58772
1	1164.2	759.74	1	58776
1	1163.28	756.29	1	58780
1	1165.44	756.53	1	58784
1	1161.17	757.27	1	58788
1	1164.63	756.87	1	58792
1	1160.71	756.19	1	58796
1	1158.34	757.31	1	58800
1	1157.97	754.34	1	58804
1	1159.13	755.78	1	58808
1	1155.96	755.61	1	58812
1	1156.14	754.71	1	58816
1	1157.38	755.64	1	58820
1	1158.23	756.41	1	58824
1	1156.28	757.19	1	58828
1	1155.5	755.27	1	58832
1	1153.43	756.02	1	58836
1	1156.09	757.59	1	58840
1	1186.24	799.32	1	58844
1	1184.53	799.89	1	58848
1	1184.6	800.43	1	58852
1	1185.31	800.44	1	58856
1	1186.86	800.87	1	58860
1	1155.47	757.71	1	58864
1	1187.12	800.73	1	58868
1	1185.91	799.32	1	58872
1	1144.55	759.18	1	58876
1	1134.37	759.61	1	58880
1	1120.86	759.09	1	58884
1	1131.43	758.96	1	58888
1	1190.54	798.06	1	58892
1	1191.33	797.52	1	58896
1	1190.42	798.43	1	58900
1	1132.15	760.89	1	58904
1	1127.77	759.73	1	58908
1	1128.22	759.94	1	58912
1	1189.93	798.3	1	58916
1	1189.87	796.56	1	58920
1	1189.01	796.06	1	58924
1	1189.19	796.67	1	58928
1	1188.47	797.85	1	58932
1	1189.5	768.09	1	58936
1	1128.46	738.45	1	58940
1	1192.12	742.68	1	58944
1	1187.63	790.26	1	58948
1	1188.51	791.17	1	58952
1	1186.07	793.94	1	58956
1	1185.99	795.91	1	58960
1	1186.48	749.99	1	58964
1	1185.38	759.67	1	58968
1	1187.84	750.67	1	58972
1	1188.07	748.64	1	58976
1	1188.25	748.67	1	58980
1	1148.23	732.97	1	58984
1	1187.35	744.95	1	58988
1	1189.68	746.68	1	58992
1	1193.52	745.56	1	58996
1	1194.67	745.2	1	59000
1	1144.56	731.95	1	59004
1	1195.24	742.76	1	59008
1	1198.39	741.25	1	59012
1	1136.5	729.56	1	59016
1	1198.42	739.89	1	59020
1	1196.88	760.59	1	59024
1	1195.43	781.87	1	59028
1	1195.04	769.96	1	59032
1	1194.2	780.33	1	59036
1	1193.13	782.5	1	59040
1	1192.18	784.41	1	59044
1	1133.4	725.4	1	59048
1	1193.01	777.41	1	59052
1	1191.94	784.18	1	59056
1	1191.29	788.66	1	59060
1	1193.35	750.72	1	59064
1	1194.13	790.84	1	59068
1	1193.26	785.76	1	59072
1	1193.84	785.82	1	59076
1	1194.01	791.04	1	59080
1	1191.56	787.22	1	59084
1	1193.33	789.74	1	59088
1	1194.49	791.64	1	59092
1	1191.43	792.75	1	59096
1	1193.82	792.16	1	59100
1	1192.5	792.21	1	59104
1	1190.88	794.09	1	59108
1	1190.97	794.5	1	59112
1	1132.1	756	1	59116
1	1191.82	799.03	1	59120
1	1189.25	798.31	1	59124
1	1190.92	801.7	1	59128
1	1191.6	800.04	1	59132
1	1190.08	801.3	1	59136
1	1135.65	762.01	1	59140
1	1131.85	759.08	1	59144
1	1126.05	758.08	1	59148
1	1156.02	757.76	1	59152
1	1145.92	758.22	1	59156
1	1157.21	761.79	1	59160
1	1163.71	763.36	1	59164
1	1159.22	763.12	1	59168
1	1158.12	758.64	1	59172
1	1164.15	761.6	1	59176
1	1165.56	763.73	1	59180
1	1161.16	765.08	1	59184
1	1161.82	765.95	1	59188
1	1161.87	763.7	1	59192
1	1161.75	765.66	1	59196
1	1165.8	766.16	1	59200
1	1163.71	767.4	1	59204
1	1162.65	768.17	1	59208
1	1162.68	768.53	1	59212
1	1162.76	769.72	1	59216
1	1163.5	771.39	1	59220
1	1161.63	772.16	1	59224
1	1163.88	772.73	1	59228
1	1165.82	772.54	1	59232
1	1166.82	773.48	1	59236
1	1166.53	774.2	1	59240
1	1166.24	776.26	1	59244
1	1167.16	777.14	1	59248
1	1164.69	776.6	1	59252
1	1165.89	781.05	1	59256
1	1165.23	782.4	1	59260
1	1165.92	783.59	1	59264
1	1166.32	784.86	1	59268
1	1166.49	788.71	1	59272
1	1165.47	787.95	1	59276
1	1164.33	786.54	1	59280
1	1164.59	786.56	1	59284
1	1166.93	786.59	1	59288
1	1166.82	786.44	1	59292
1	1166.27	786.36	1	59296
1	1166.91	785.71	1	59300
1	1167.94	783.11	1	59304
1	1167.74	783.14	1	59308
1	1167.23	781.73	1	59312
1	1167.05	780.22	1	59316
1	1167.12	781.16	1	59320
1	1166.38	780.97	1	59324
1	1169.44	779.38	1	59328
1	1165.88	778.22	1	59332
1	1166.06	778.14	1	59336
1	1164.99	777.44	1	59340
1	1163.67	776.88	1	59344
1	1158.31	775.96	1	59348
1	1144.75	768.06	1	59352
1	1130.32	723.98	1	59356
1	1126.51	718.94	1	59360
1	1121.25	704.28	1	59364
1	1116.51	703.1	1	59368
1	1119.01	701.07	1	59372
1	1118.98	697.57	1	59376
1	1115.89	699.04	1	59380
1	1115.53	697.02	1	59384
1	1114.8	696.46	1	59388
1	1112.81	697.22	1	59392
1	1113.98	695.92	1	59396
1	1113.72	694.28	1	59400
1	1114.73	695.23	1	59404
1	1117.28	696.67	1	59408
1	1117.67	691.38	1	59412
1	1117.9	693.95	1	59416
1	1117.56	694.62	1	59420
1	1119.46	703.79	1	59424
1	1120.03	695.27	1	59428
1	1119	695.91	1	59432
1	1118.51	692.46	1	59436
1	1117.69	694.22	1	59440
1	1117.43	692.56	1	59444
1	1117.93	690.02	1	59448
1	1115	692.03	1	59452
1	1116.93	691.16	1	59456
1	1117.34	690.74	1	59460
1	1118.77	690.14	1	59464
1	1118	689.76	1	59468
1	1119.07	686.88	1	59472
1	1119.75	685.73	1	59476
1	1119.22	688.47	1	59480
1	1118.83	687.25	1	59484
1	1116.94	686.95	1	59488
1	1119.21	685.52	1	59492
1	1119.39	684.52	1	59496
1	1120.49	686.69	1	59500
1	1121.99	685.08	1	59504
1	1133.33	678.08	1	59508
1	1179.58	664.88	1	59512
1	1214.67	646.47	1	59516
1	1223.36	636.38	1	59520
1	1235.74	636.2	1	59524
1	1241.97	635.79	1	59528
1	1249.6	630.82	1	59532
1	1253.52	630.38	1	59536
1	1252.66	628.43	1	59540
1	1248.69	624.86	1	59544
1	1252.49	622.56	1	59548
1	1254.99	620.88	1	59552
1	1256.01	620.64	1	59556
1	1255.18	619.01	1	59560
1	1258.16	621	1	59564
1	1260.18	620.55	1	59568
1	1260.05	621.38	1	59572
1	1259.35	621.2	1	59576
1	1256.97	621.48	1	59580
1	1256.77	621	1	59584
1	1257.04	621.85	1	59588
1	1257.37	622.65	1	59592
1	1256.68	625.09	1	59596
1	1255.04	626.26	1	59600
1	1256.2	627.64	1	59604
1	1255.88	625.23	1	59608
1	1255.26	626.61	1	59612
1	1256.11	625.25	1	59616
1	1256.14	623.94	1	59620
1	1257.78	622.22	1	59624
1	1257.33	623	1	59628
1	1259.03	622.07	1	59632
1	1258.99	621.78	1	59636
1	1259.92	620.01	1	59640
1	1260.99	620.04	1	59644
1	1261.81	620.28	1	59648
1	1260.87	620.28	1	59652
1	1261.2	619.96	1	59656
1	1261.17	619.8	1	59660
1	0	0	0	59664
1	1260.54	620.59	1	59668
1	1259.85	619.61	1	59672
1	1260.15	617.23	1	59676
1	1260.12	618.22	1	59680
1	1261.1	616.37	1	59684
1	1259.52	615.66	1	59688
1	1259	615.48	1	59692
1	1258.68	615.31	1	59696
1	1259.04	615.39	1	59700
1	1259.24	615.22	1	59704
1	1260.92	614.61	1	59708
1	1261.22	614.58	1	59712
1	1262.12	612.65	1	59716
1	1262.63	614.26	1	59720
1	1263.67	612.64	1	59724
1	1263	613.61	1	59728
1	1263.25	611.57	1	59732
1	1263.7	612.15	1	59736
1	1263.79	612.14	1	59740
1	1264.44	611.42	1	59744
1	1264.31	610.56	1	59748
1	1262.45	610.97	1	59752
1	1261.81	609.72	1	59756
1	1263.12	612.34	1	59760
1	1262.97	608.52	1	59764
1	1262.06	613.12	1	59768
1	1260.37	611.71	1	59772
1	1259.58	612.9	1	59776
1	1259.91	613.22	1	59780
1	1259.83	612.46	1	59784
1	1260.67	613.86	1	59788
1	1259.38	614.33	1	59792
1	1258.2	611.64	1	59796
1	1239.94	614.48	1	59800
1	1170.31	614.68	1	59804
1	1133.77	617.25	1	59808
1	1125	620.47	1	59812
1	1110.47	623.39	1	59816
1	1110.66	633.83	1	59820
1	1107.72	634.52	1	59824
1	1107.15	638.65	1	59828
1	1105.26	657.78	1	59832
1	1102.32	657.95	1	59836
1	1104.59	643.9	1	59840
1	1112.18	631.05	1	59844
1	1101.82	650.79	1	59848
1	1099.76	651.72	1	59852
1	1097.55	653.76	1	59856
1	1099.1	654.25	1	59860
1	0	0	0	59864
1	1098.66	653.23	1	59868
1	1097.7	661.01	1	59872
1	1099.69	654.43	1	59876
1	1100.21	649.17	1	59880
1	1098.64	647.61	1	59884
1	1100.12	646.97	1	59888
1	1099.06	646.39	1	59892
1	1098.49	646.09	1	59896
1	1100.47	647.08	1	59900
1	1100.52	646.15	1	59904
1	1100.91	644	1	59908
1	1099.62	657.42	1	59912
1	1100.61	667.57	1	59916
1	1099.45	646.78	1	59920
1	1098.69	645.94	1	59924
1	1097.91	648.13	1	59928
1	1098.29	646.29	1	59932
1	1097.98	646.17	1	59936
1	1098.79	647.46	1	59940
1	1098.64	647	1	59944
1	1099.01	645.82	1	59948
1	1098.72	647.58	1	59952
1	1097.94	645.85	1	59956
1	1097.44	645.08	1	59960
1	1097.57	644.97	1	59964
1	1097.21	646.32	1	59968
1	1098.34	645.67	1	59972
1	1099.12	644.13	1	59976
1	1099.18	646.41	1	59980
1	1099.19	646.22	1	59984
1	1099.04	645.73	1	59988
1	1097.27	649.23	1	59992
1	1097.4	649.85	1	59996
1	1096.51	647.32	1	60000
1	1096.71	649.15	1	60004
1	1097.77	649.62	1	60008
1	1097.08	648.84	1	60012
1	1097.73	649.41	1	60016
1	1097.6	651.97	1	60020
1	1097.53	651.6	1	60024
1	1097.65	651.91	1	60028
1	1100.61	652.18	1	60032
1	1102.7	653.95	1	60036
1	1104.64	667.08	1	60040
1	1112.9	658.08	1	60044
1	1111.55	660.05	1	60048
1	1111.06	681.31	1	60052
1	1112.94	680.59	1	60056
1	1113.5	679.84	1	60060
1	1115.47	670.82	1	60064
1	1116.71	691.99	1	60068
1	1116.52	671.17	1	60072
1	1115.95	673.03	1	60076
1	1117.27	670.16	1	60080
1	1116.23	669.3	1	60084
1	1115.82	666.62	1	60088
1	1115.62	687.42	1	60092
1	1115	693.89	1	60096
1	1114.92	665.83	1	60100
1	1115.6	687.35	1	60104
1	1115.58	667.72	1	60108
1	1116	669.2	1	60112
1	1116.08	666.16	1	60116
1	1116.1	668.23	1	60120
1	1115.88	668.22	1	60124
1	1117	662.55	1	60128
1	1116.56	668.74	1	60132
1	1114.38	665.74	1	60136
1	1114.79	663.3	1	60140
1	1115.77	665.39	1	60144
1	1116	663.77	1	60148
1	1114.32	673.9	1	60152
1	1115.74	685.11	1	60156
1	1115.66	689.09	1	60160
1	1114.99	665.08	1	60164
1	1112.93	660.8	1	60168
1	1112.61	667.56	1	60172
1	1112.71	685.92	1	60176
1	1112.57	693.69	1	60180
1	1113.76	670.34	1	60184
1	1113.7	669.88	1	60188
1	1114.84	671.34	1	60192
1	1113.16	672.81	1	60196
1	1114.54	668.52	1	60200
1	1112.1	695.7	1	60204
1	1111.04	703.01	1	60208
1	1112.89	675.12	1	60212
1	1113.12	666.84	1	60216
1	1115.66	671.53	1	60220
1	1115.59	669.81	1	60224
1	1114.42	693.57	1	60228
1	1114.45	687.66	1	60232
1	1114.1	674.56	1	60236
1	1113.34	696.67	1	60240
1	1112.4	695.98	1	60244
1	1113.14	694.17	1	60248
1	1115.6	676.75	1	60252
1	1116.58	690.68	1	60256
1	1116.56	696.21	1	60260
1	1114.03	695.18	1	60264
1	1114.05	696.49	1	60268
1	1112.18	694	1	60272
1	1110.69	696.42	1	60276
1	1111.63	696.86	1	60280
1	1111.47	694.42	1	60284
1	1111.26	697.58	1	60288
1	1111.67	698.71	1	60292
1	1110.48	699.12	1	60296
1	1108.65	698.65	1	60300
1	1108.5	691.44	1	60304
1	1110.05	705.08	1	60308
1	1109.56	702.08	1	60312
1	1111.5	704.66	1	60316
1	1112.92	704.28	1	60320
1	1112.84	704.4	1	60324
1	1112.43	704.86	1	60328
1	1112.57	704.93	1	60332
1	1112.57	704.2	1	60336
1	1112.89	706.38	1	60340
1	1113	708.86	1	60344
1	1113.76	707.05	1	60348
1	1113.29	705.56	1	60352
1	1113.15	706.8	1	60356
1	1113.34	708.1	1	60360
1	1113.31	708.44	1	60364
1	1113	707.19	1	60368
1	1111.33	710.01	1	60372
1	1113.3	710.36	1	60376
1	1112.62	711.07	1	60380
1	1112.15	710.29	1	60384
1	1109.82	709.86	1	60388
1	1111.9	707.26	1	60392
1	1112.21	706.82	1	60396
1	1113.66	702.92	1	60400
1	1112.99	702.72	1	60404
1	1112.93	698.27	1	60408
1	1111.65	703.15	1	60412
1	1112.32	700.33	1	60416
1	1111.68	697.03	1	60420
1	1111.76	695.95	1	60424
1	1112.87	695	1	60428
1	1114.08	694.15	1	60432
1	1113.56	695.67	1	60436
1	1113.26	696.29	1	60440
1	1113.27	695.3	1	60444
1	1113.32	697.48	1	60448
1	1113.21	697.37	1	60452
1	1113.28	697.17	1	60456
1	1113.29	697.56	1	60460
1	1113	697.52	1	60464
1	1112.89	698.34	1	60468
1	1111.09	700.85	1	60472
1	1111.51	699.71	1	60476
1	1110.93	700.25	1	60480
1	1110.44	699.95	1	60484
1	1108.98	702.37	1	60488
1	1108.54	700.98	1	60492
1	1109.39	699.71	1	60496
1	1110.28	698.36	1	60500
1	1110.43	695.86	1	60504
1	1111.11	697.04	1	60508
1	1109.71	695.91	1	60512
1	1109.48	695.73	1	60516
1	1107.89	698.39	1	60520
1	1108.58	695.83	1	60524
1	1108.34	697.27	1	60528
1	1106.83	693.1	1	60532
1	1108.57	694.81	1	60536
1	1106.17	695.28	1	60540
1	1104.76	695.65	1	60544
1	1104.12	696.23	1	60548
1	1103.79	697.64	1	60552
1	1103.37	697.06	1	60556
1	1104.25	696.84	1	60560
1	1104.34	695.96	1	60564
1	1103.94	698	1	60568
1	1101.76	696.91	1	60572
1	1102.21	697.14	1	60576
1	1100.13	697.73	1	60580
1	1100.24	701.1	1	60584
1	1105.98	704.73	1	60588
1	1109.06	715.24	1	60592
1	1111.59	722.17	1	60596
1	1116.82	735.34	1	60600
1	1121.49	735.96	1	60604
1	1127.71	739.01	1	60608
1	1130.72	739.26	1	60612
1	1129.92	741.55	1	60616
1	1133.07	742.45	1	60620
1	1134.45	745.54	1	60624
1	1137.38	746.82	1	60628
1	1137.61	746.88	1	60632
1	1139.17	746.16	1	60636
1	1140.61	748.62	1	60640
1	1142.66	745.63	1	60644
1	1141.16	745.8	1	60648
1	1140.32	747.58	1	60652
1	1140.44	749.5	1	60656
1	1140.85	751.09	1	60660
1	1141.91	746.19	1	60664
1	1142.18	742.87	1	60668
1	1142.3	744.15	1	60672
1	1142.32	743.53	1	60676
1	1140.59	745.15	1	60680
1	1140.25	745.57	1	60684
1	1139	747.84	1	60688
1	1139.18	737.89	1	60692
1	1139.42	739.12	1	60696
1	1137.5	738.79	1	60700
1	1139.96	734.38	1	60704
1	1139.62	738.35	1	60708
1	1139.69	737.38	1	60712
1	1138.53	737.08	1	60716
1	1136.09	736.42	1	60720
1	1139.32	737.69	1	60724
1	1139.2	737.72	1	60728
1	1139.09	736.84	1	60732
1	1139.3	738.94	1	60736
1	1139.22	739.86	1	60740
1	1140.7	744.49	1	60744
1	1142.95	725.24	1	60748
1	1129.96	689.93	1	60752
1	1125.88	683.85	1	60756
1	1131.07	764.63	1	60760
1	0	0	0	60764
1	0	0	0	60768
1	0	0	0	60772
1	0	0	0	60776
1	0	0	0	60780
1	0	0	0	60784
1	0	0	0	60788
1	0	0	0	60792
1	0	0	0	60796
1	0	0	0	60800
1	0	0	0	60804
1	0	0	0	60808
1	0	0	0	60812
1	0	0	0	60816
1	0	0	0	60820
1	0	0	0	60824
1	0	0	0	60828
1	0	0	0	60832
1	0	0	0	60836
1	0	0	0	60840
1	0	0	0	60844
1	0	0	0	60848
1	0	0	0	60852
1	0	0	0	60856
1	0	0	0	60860
1	0	0	0	60864
1	0	0	0	60868
1	0	0	0	60872
1	0	0	0	60876
1	0	0	0	60880
1	0	0	0	60884
1	0	0	0	60888
1	0	0	0	60892
1	0	0	0	60896
1	0	0	0	60900
1	0	0	0	60904
1	0	0	0	60908
1	0	0	0	60912
1	1171.46	709.24	0	60916
1	1165.29	675.94	0	60920
1	1165.36	650.98	0	60924
1	1159.55	640.55	0	60928
1	1181.86	621.45	0	60932
1	1181.5	609.08	0	60936
1	1186.54	601.85	0	60940
1	1186.11	597.49	0	60944
1	1185.29	610.22	0	60948
1	1186.27	620.52	0	60952
1	1187.99	634.88	0	60956
1	1184.01	622.29	0	60960
1	1183.31	636.9	0	60964
1	1181.96	651.96	0	60968
1	1180.35	652.99	0	60972
1	1179.82	654.87	0	60976
1	1176.91	659.1	0	60980
1	1175.81	666.74	0	60984
1	1172.38	669.92	0	60988
1	1169.92	672.91	0	60992
1	1167.97	675.6	0	60996
1	1167.31	676.89	0	61000
1	1167.36	677.37	0	61004
1	1166.73	678.58	0	61008
1	1166.54	679	0	61012
1	1165.79	678.43	0	61016
1	1166.2	679.46	0	61020
1	1166.15	678.93	0	61024
1	1164.44	676.53	0	61028
1	1163.95	675.64	0	61032
1	1165.07	674.91	0	61036
1	1165.66	672.71	0	61040
1	1165.43	673.46	0	61044
1	1164.27	674.55	0	61048
1	1164.96	676.16	0	61052
1	1161.43	678.62	0	61056
1	1158.36	688.94	0	61060
1	1158.2	702.06	0	61064
1	1154.83	708.72	0	61068
1	1152.73	726.98	0	61072
1	1153.78	797.08	0	61076
1	1148.62	731.4	0	61080
1	1147.97	734.02	0	61084
1	1145.69	740.09	0	61088
1	1144.35	745.25	0	61092
1	1142.49	743.45	0	61096
1	1143.17	747.66	0	61100
1	1143.09	748.26	0	61104
1	1142.94	749.15	0	61108
1	1143.65	749.4	0	61112
1	1143.54	751.13	0	61116
1	1140.99	753.32	0	61120
1	1143.05	770.27	0	61124
1	1143.46	758.87	0	61128
1	1144.22	784.8	0	61132
1	1144.73	767.74	0	61136
1	1144.32	759.4	0	61140
1	1144.3	760.2	0	61144
1	1144.18	789.16	0	61148
1	1144.49	764.91	0	61152
1	1144.39	760.93	0	61156
1	1144.55	755.84	0	61160
1	1146.75	762.61	0	61164
1	1147.92	759.15	0	61168
1	1147.32	786.17	0	61172
1	1146.19	793.57	0	61176
1	1144.22	797.35	0	61180
1	1143.68	804.44	0	61184
1	1143.36	811.75	0	61188
1	1143.79	772.22	0	61192
1	1147.15	779.09	0	61196
1	1145.65	782.12	0	61200
1	1147.07	777.87	0	61204
1	1146.87	774.62	0	61208
1	1144.19	775.46	0	61212
1	1144.47	765.95	0	61216
1	1145.3	766.86	0	61220
1	1146.34	800.88	0	61224
1	1145.32	801.8	0	61228
1	1137.08	811.86	0	61232
1	1096.26	812.57	0	61236
1	1026.18	830.84	0	61240
1	988.94	768.36	0	61244
1	976.67	772.12	0	61248
1	967.79	820.69	0	61252
1	960.16	818.12	0	61256
1	953.68	824.93	0	61260
1	953.57	824.59	0	61264
1	959.26	826.77	0	61268
1	956.31	828.27	0	61272
1	957.19	823.77	0	61276
1	957.64	827.41	0	61280
1	954.45	828.52	0	61284
1	952.22	827.52	0	61288
1	950.48	826.79	0	61292
1	951.99	829.29	0	61296
1	952.48	830.74	0	61300
1	953.32	829.9	0	61304
1	954.51	829.8	0	61308
1	951.22	827.67	0	61312
1	952.65	828.14	0	61316
1	952.45	829.41	0	61320
1	949.97	828.13	0	61324
1	949.14	827.33	0	61328
1	951	830.63	0	61332
1	947.86	831.82	0	61336
1	949.81	829.2	0	61340
1	947.92	828.38	0	61344
1	950.3	827.82	0	61348
1	946.11	828.34	0	61352
1	946.66	827.48	0	61356
1	946.21	828.37	0	61360
1	946.3	827.7	0	61364
1	945.54	826.65	0	61368
1	946.69	831.18	0	61372
1	944.89	824.84	0	61376
1	946.17	826.81	0	61380
1	945.29	827.94	0	61384
1	946.4	826.89	0	61388
1	945.16	827.86	0	61392
1	948.47	825.38	0	61396
1	948.33	829.76	0	61400
1	948.81	829.04	0	61404
1	948.53	831.41	0	61408
1	949.62	832.82	0	61412
1	949.4	831.6	0	61416
1	949.69	834.54	0	61420
1	950.47	834.88	0	61424
1	951.87	837.07	0	61428
1	952.36	839.92	0	61432
1	952.63	841.5	0	61436
1	951.81	842.67	0	61440
1	951.95	842.04	0	61444
1	950.23	841.46	0	61448
1	946.97	842.56	0	61452
1	936.35	842.92	0	61456
1	867.83	846.64	0	61460
1	828.71	843.28	0	61464
1	784.88	842.04	0	61468
1	761.49	802.36	0	61472
1	764.73	840.95	0	61476
1	764.46	839.42	0	61480
1	764.43	839.25	0	61484
1	764.88	841.28	0	61488
1	764.93	842.28	0	61492
1	760.47	841.43	0	61496
1	761.34	844.02	0	61500
1	761.81	842.03	0	61504
1	759.58	843.31	0	61508
1	757.87	843.48	0	61512
1	760.08	845.22	0	61516
1	759.61	846.16	0	61520
1	757.78	847.72	0	61524
1	754.48	847.92	0	61528
1	752.91	847.13	0	61532
1	752.16	847.23	0	61536
1	753.82	848.48	0	61540
1	752.45	846.8	0	61544
1	751.2	845.79	0	61548
1	750.76	845.7	0	61552
1	752.91	844.21	0	61556
1	751.64	844.33	0	61560
1	752.21	843.62	0	61564
1	751.54	842.7	0	61568
1	752.28	842.29	0	61572
1	752.23	842.86	0	61576
1	750.13	841.74	0	61580
1	747.72	839.5	0	61584
1	745.77	838.97	0	61588
1	745.13	839.67	0	61592
1	744.98	839.05	0	61596
1	743.87	840.61	0	61600
1	745.33	841.7	0	61604
1	747.3	841.31	0	61608
1	744.54	840.54	0	61612
1	742.4	830.92	0	61616
1	744.77	836.43	0	61620
1	747.4	839.05	0	61624
1	748.08	841.64	0	61628
1	749.65	843.12	0	61632
1	749.6	841.86	0	61636
1	752.93	843.86	0	61640
1	753.26	845.41	0	61644
1	753.32	843.87	0	61648
1	751.6	846.81	0	61652
1	752.3	847.76	0	61656
1	754.01	850.42	0	61660
1	752.96	851.86	0	61664
1	753.97	852.57	0	61668
1	751.09	853.92	0	61672
1	740.7	866.06	0	61676
1	650.97	875.52	0	61680
1	607.53	894.84	0	61684
1	604.8	907.67	0	61688
1	597.97	911.2	0	61692
1	594.13	916.89	0	61696
1	594.38	934.07	0	61700
1	594.55	932.25	0	61704
1	594.62	933.03	0	61708
1	593.58	936.58	0	61712
1	595.12	938.02	0	61716
1	593.47	937.23	0	61720
1	591.79	941.38	0	61724
1	591.12	942.55	0	61728
1	588.59	944.1	0	61732
1	586.46	944.92	0	61736
1	587.86	944.15	0	61740
1	587.44	943.9	0	61744
1	585.93	941.23	0	61748
1	585.69	941.14	0	61752
1	586.43	939.98	0	61756
1	585.16	937.56	0	61760
1	585.43	937.98	0	61764
1	584.82	936.83	0	61768
1	585.86	934.71	0	61772
1	585.44	933.62	0	61776
1	586.48	934.66	0	61780
1	587.19	932.75	0	61784
1	587.04	932.07	0	61788
1	586.63	931.34	0	61792
1	586.91	932.5	0	61796
1	584.05	935.23	0	61800
1	584.76	934.83	0	61804
1	584.74	935.66	0	61808
1	587.59	948.78	0	61812
1	639.57	982.2	0	61816
1	684.74	1079.89	0	61820
1	745.31	1118.86	0	61824
1	771.21	1174.1	0	61828
1	0	0	0	61832
1	0	0	0	61836
1	0	0	0	61840
1	0	0	0	61844
1	0	0	0	61848
1	0	0	0	61852
1	0	0	0	61856
1	0	0	0	61860
1	0	0	0	61864
1	0	0	0	61868
1	0	0	0	61872
1	0	0	0	61876
1	0	0	0	61880
1	0	0	0	61884
1	0	0	0	61888
1	0	0	0	61892
1	0	0	0	61896
1	0	0	0	61900
1	0	0	0	61904
1	0	0	0	61908
1	0	0	0	61912
1	0	0	0	61916
1	0	0	0	61920
1	0	0	0	61924
1	0	0	0	61928
1	0	0	0	61932
1	0	0	0	61936
1	0	0	0	61940
1	0	0	0	61944
1	0	0	0	61948
1	0	0	0	61952
1	0	0	0	61956
1	0	0	0	61960
1	0	0	0	61964
1	0	0	0	61968
1	0	0	0	61972
1	0	0	0	61976
1	0	0	0	61980
1	0	0	0	61984
1	0	0	0	61988
1	0	0	0	61992
1	0	0	0	61996
1	0	0	0	62000
1	0	0	0	62004
1	0	0	0	62008
1	0	0	0	62012
1	0	0	0	62016
1	0	0	0	62020
1	0	0	0	62024
1	0	0	0	62028
1	0	0	0	62032
1	0	0	0	62036
1	0	0	0	62040
1	0	0	0	62044
1	0	0	0	62048
1	0	0	0	62052
1	0	0	0	62056
1	0	0	0	62060
1	0	0	0	62064
1	0	0	0	62068
1	0	0	0	62072
1	0	0	0	62076
1	0	0	0	62080
1	0	0	0	62084
1	0	0	0	62088
1	0	0	0	62092
1	0	0	0	62096
1	0	0	0	62100
1	0	0	0	62104
1	0	0	0	62108
1	0	0	0	62112
1	0	0	0	62116
1	0	0	0	62120
1	0	0	0	62124
1	0	0	0	62128
1	0	0	0	62132
1	0	0	0	62136
1	0	0	0	62140
1	0	0	0	62144
1	0	0	0	62148
1	0	0	0	62152
1	0	0	0	62156
1	0	0	0	62160
1	0	0	0	62164
1	0	0	0	62168
1	0	0	0	62172
1	0	0	0	62176
1	0	0	0	62180
1	0	0	0	62184
1	0	0	0	62188
1	0	0	0	62192
1	0	0	0	62196
1	0	0	0	62200
1	0	0	0	62204
1	0	0	0	62208
1	0	0	0	62212
1	0	0	0	62216
1	0	0	0	62220
1	0	0	0	62224
1	0	0	0	62228
1	0	0	0	62232
1	0	0	0	62236
1	0	0	0	62240
1	0	0	0	62244
1	0	0	0	62248
1	0	0	0	62252
1	0	0	0	62256
1	0	0	0	62260
1	0	0	0	62264
1	0	0	0	62268
1	0	0	0	62272
1	0	0	0	62276
1	0	0	0	62280
1	0	0	0	62284
1	0	0	0	62288
1	0	0	0	62292
1	0	0	0	62296
1	0	0	0	62300
1	0	0	0	62304
1	0	0	0	62308
1	0	0	0	62312
1	0	0	0	62316
1	0	0	0	62320
1	0	0	0	62324
1	0	0	0	62328
1	0	0	0	62332
1	0	0	0	62336
1	0	0	0	62340
1	0	0	0	62344
1	0	0	0	62348
1	0	0	0	62352
1	0	0	0	62356
1	0	0	0	62360
1	0	0	0	62364
1	0	0	0	62368
1	0	0	0	62372
1	0	0	0	62376
1	0	0	0	62380
1	0	0	0	62384
1	0	0	0	62388
1	0	0	0	62392
1	0	0	0	62396
1	0	0	0	62400
1	0	0	0	62404
1	0	0	0	62408
1	0	0	0	62412
1	0	0	0	62416
1	0	0	0	62420
1	0	0	0	62424
1	0	0	0	62428
1	0	0	0	62432
1	0	0	0	62436
1	0	0	0	62440
1	0	0	0	62444
1	0	0	0	62448
1	0	0	0	62452
1	0	0	0	62456
1	0	0	0	62460
1	0	0	0	62464
1	0	0	0	62468
1	0	0	0	62472
1	0	0	0	62476
1	0	0	0	62480
1	0	0	0	62484
1	0	0	0	62488
1	0	0	0	62492
1	0	0	0	62496
1	0	0	0	62500
1	0	0	0	62504
1	0	0	0	62508
1	0	0	0	62512
1	0	0	0	62516
1	0	0	0	62520
1	0	0	0	62524
1	0	0	0	62528
1	0	0	0	62532
1	0	0	0	62536
1	0	0	0	62540
1	0	0	1	62544
1	849.26	1133.31	1	62548
1	872.13	1031.91	1	62552
1	883.79	963.18	1	62556
1	887.85	890.32	1	62560
1	891.66	826.56	1	62564
1	886.1	715.52	1	62568
1	881.89	688.2	1	62572
1	883.58	792.96	1	62576
